Frequency [Hz] - Plot 0	Magnitude - Plot 0	Frequency [Hz] - Plot 1	Magnitude - Plot 1	
0.01	1.00374			
0.064103	1.00052			
0.128205	1.00011			
0.192308	1.00039			
0.25641	1.00111			
0.320513	1.0024			
0.384615	1.00279			
0.448718	1.00088			
0.512821	1.00198			
0.576923	1.00244			
0.641026	1.00498			
0.705128	1.00611			
0.769231	1.00579			
0.833333	1.00891			
0.897436	1.0141			
0.961538	1.01389			
1.025641	1.01811			
1.089744	1.02071			
1.153846	1.02955			
1.217949	1.03884			
1.282051	1.06468			
1.346154	1.10178			
1.410256	1.12074			
1.474359	0.968015			
1.538462	0.775702			
1.602564	0.849866			
1.666667	0.906935			
1.730769	0.927003			
1.794872	0.939035			
1.858974	0.945867			
1.923077	0.950123			
1.987179	0.952014			
2.051282	0.953946			
2.115385	0.957569			
2.179487	0.956371			
2.24359	0.956342			
2.307692	0.951461			
2.371795	0.952221			
2.435897	0.953658			
2.5	0.951007			
2.564103	0.947286			
2.628205	0.940618			
2.692308	0.939136			
2.75641	0.937091			
2.820513	0.933275			
2.884615	0.928281			
2.948718	0.924459			
3.012821	0.92133			
3.076923	0.914437			
3.141026	0.908875			
3.205128	0.906364			
3.269231	0.897742			
3.333333	0.887453			
3.397436	0.883803			
3.461538	0.876249			
3.525641	0.868738			
3.589744	0.86029			
3.653846	0.850729			
3.717949	0.844508			
3.782051	0.834214			
3.846154	0.827914			
3.910256	0.81536			
3.974359	0.808964			
4.038462	0.796763			
4.102564	0.788313			
4.166667	0.781744			
4.230769	0.770777			
4.294872	0.7604			
4.358974	0.751206			
4.423077	0.741097			
4.487179	0.731767			
4.551282	0.719781			
4.615385	0.710817			
4.679487	0.701699			
4.74359	0.68895			
4.807692	0.682492			
4.871795	0.669319			
4.935897	0.660661			
5	0.649866			
5.064103	0.637203			
5.128205	0.631828			
5.192308	0.621208			
5.25641	0.609634			
5.320513	0.602907			
5.384615	0.588876			
5.448718	0.584023			
5.512821	0.574701			
5.576923	0.561026			
5.641026	0.554559			
5.705128	0.544688			
5.769231	0.533143			
5.833333	0.527441			
5.897436	0.517945			
5.961538	0.508564			
6.025641	0.499655			
6.089744	0.491839			
6.153846	0.482791			
6.217949	0.47585			
6.282051	0.469643			
6.346154	0.462378			
6.410256	0.45348			
6.474359	0.446876			
6.538462	0.439848			
6.602564	0.431737			
6.666667	0.423728			
6.730769	0.419624			
6.794872	0.413148			
6.858974	0.405889			
6.923077	0.398219			
6.987179	0.394409			
7.051282	0.386815			
7.115385	0.380857			
7.179487	0.374217			
7.24359	0.36922			
7.307692	0.363001			
7.371795	0.357629			
7.435897	0.352537			
7.5	0.347637			
7.564103	0.342168			
7.628205	0.335476			
7.692308	0.331221			
7.75641	0.326534			
7.820513	0.321272			
7.884615	0.316038			
7.948718	0.311766			
8.012821	0.306514			
8.076923	0.302513			
8.141026	0.29788			
8.205128	0.293975			
8.269231	0.289033			
8.333333	0.285267			
8.397436	0.281932			
8.461538	0.277497			
8.525641	0.272383			
8.589744	0.269302			
8.653846	0.26564			
8.717949	0.262119			
8.782051	0.258037			
8.846154	0.254656			
8.910256	0.250831			
8.974359	0.247375			
9.038462	0.244132			
9.102564	0.240079			
9.166667	0.23747			
9.230769	0.234205			
9.294872	0.231007			
9.358974	0.228262			
9.423077	0.225061			
9.487179	0.222054			
9.551282	0.219107			
9.615385	0.216158			
9.679487	0.213433			
9.74359	0.210741			
9.807692	0.208321			
9.871795	0.205297			
9.935897	0.202345			
10	0.200029			
10.064103	0.197458			
10.128205	0.195118			
10.192308	0.193241			
10.25641	0.189981			
10.320513	0.187567			
10.384615	0.185608			
10.448718	0.183456			
10.512821	0.18104			
10.576923	0.178919			
10.641026	0.177058			
10.705128	0.174881			
10.769231	0.172374			
10.833333	0.170396			
10.897436	0.168291			
10.961538	0.166577			
11.025641	0.164575			
11.089744	0.162651			
11.153846	0.160966			
11.217949	0.158879			
11.282051	0.157049			
11.346154	0.155443			
11.410256	0.153618			
11.474359	0.151562			
11.538462	0.150163			
11.602564	0.148502			
11.666667	0.146563			
11.730769	0.145097			
11.794872	0.143613			
11.858974	0.142035			
11.923077	0.140499			
11.987179	0.139077			
12.051282	0.137567			
12.115385	0.135845			
12.179487	0.134344			
12.24359	0.133084			
12.307692	0.131715			
12.371795	0.130159			
12.435897	0.128936			
12.5	0.12754			
12.564103	0.126303			
12.628205	0.124758			
12.692308	0.123778			
12.75641	0.122227			
12.820513	0.120987			
12.884615	0.119848			
12.948718	0.118508			
13.012821	0.117724			
13.076923	0.116121			
13.141026	0.114994			
13.205128	0.113705			
13.269231	0.112787			
13.333333	0.111692			
13.397436	0.110591			
13.461538	0.109557			
13.525641	0.10842			
13.589744	0.107528			
13.653846	0.106302			
13.717949	0.105347			
13.782051	0.104354			
13.846154	0.103327			
13.910256	0.102151			
13.974359	0.101383			
14.038462	0.100395			
14.102564	0.0994588			
14.166667	0.0984348			
14.230769	0.0975393			
14.294872	0.096686			
14.358974	0.0957697			
14.423077	0.0948367			
14.487179	0.0939779			
14.551282	0.0932554			
14.615385	0.0922435			
14.679487	0.0915446			
14.74359	0.090641			
14.807692	0.0898838			
14.871795	0.0890656			
14.935897	0.0881589			
15	0.0875276			
15.064103	0.0865897			
15.128205	0.0858843			
15.192308	0.0851289			
15.25641	0.0843348			
15.320513	0.0836429			
15.384615	0.0830314			
15.448718	0.0823155			
15.512821	0.0813589			
15.576923	0.0807414			
15.641026	0.0800484			
15.705128	0.0794812			
15.769231	0.0787004			
15.833333	0.0781369			
15.897436	0.0773997			
15.961538	0.0768164			
16.025641	0.0761482			
16.089744	0.075455			
16.153846	0.0748947			
16.217949	0.0742071			
16.282051	0.0736706			
16.346154	0.0729072			
16.410256	0.0724272			
16.474359	0.071853			
16.538462	0.0712683			
16.602564	0.0705852			
16.666667	0.0700881			
16.730769	0.0695048			
16.794872	0.0688543			
16.858974	0.0683757			
16.923077	0.0678757			
16.987179	0.0672656			
17.051282	0.0666678			
17.115385	0.0663484			
17.179487	0.0657231			
17.24359	0.0651684			
17.307692	0.0647499			
17.371795	0.0641621			
17.435897	0.0636817			
17.5	0.0631856			
17.564103	0.0627331			
17.628205	0.0621488			
17.692308	0.0617484			
17.75641	0.0612602			
17.820513	0.0608357			
17.884615	0.0602458			
17.948718	0.05999			
18.012821	0.0594048			
18.076923	0.0589816			
18.141026	0.0585281			
18.205128	0.0580802			
18.269231	0.0576149			
18.333333	0.0572219			
18.397436	0.056773			
18.461538	0.0564262			
18.525641	0.0558544			
18.589744	0.0555791			
18.653846	0.0551746			
18.717949	0.0547486			
18.782051	0.0542742			
18.846154	0.0539705			
18.910256	0.0535717			
18.974359	0.0530623			
19.038462	0.052839			
19.102564	0.0525154			
19.166667	0.0520009			
19.230769	0.0516046			
19.294872	0.0512452			
19.358974	0.0509062			
19.423077	0.0505735			
19.487179	0.0501339			
19.551282	0.0498854			
19.615385	0.0495179			
19.679487	0.049128			
19.74359	0.0487739			
19.807692	0.0484763			
19.871795	0.0480979			
19.935897	0.0477622			
20	0.0474402			
20.064103	0.047142			
20.128205	0.0468424			
20.192308	0.0464302			
20.25641	0.0460684			
20.320513	0.0458326			
20.384615	0.0456022			
20.448718	0.0452018			
20.512821	0.0449387			
20.576923	0.0445813			
20.641026	0.0442452			
20.705128	0.0440348			
20.769231	0.0436737			
20.833333	0.043444			
20.897436	0.043145			
20.961538	0.0428281			
21.025641	0.0425903			
21.089744	0.0422564			
21.153846	0.0419706			
21.217949	0.0417323			
21.282051	0.0414508			
21.346154	0.041159			
21.410256	0.0409152			
21.474359	0.0406743			
21.538462	0.0403518			
21.602564	0.0400739			
21.666667	0.0398855			
21.730769	0.0395702			
21.794872	0.0393724			
21.858974	0.0390463			
21.923077	0.0388309			
21.987179	0.038612			
22.051282	0.0383343			
22.115385	0.0380885			
22.179487	0.0378426			
22.24359	0.0376024			
22.307692	0.0374032			
22.371795	0.0371556			
22.435897	0.0368982			
22.5	0.0366536			
22.564103	0.0364269			
22.628205	0.036234			
22.692308	0.0359618			
22.75641	0.035754			
22.820513	0.0355629			
22.884615	0.0353314			
22.948718	0.0351212			
23.012821	0.0348682			
23.076923	0.034686			
23.141026	0.0344117			
23.205128	0.034252			
23.269231	0.0340615			
23.333333	0.0338143			
23.397436	0.0336264			
23.461538	0.0334629			
23.525641	0.0331994			
23.589744	0.0330188			
23.653846	0.0328061			
23.717949	0.0326314			
23.782051	0.032406			
23.846154	0.0322194			
23.910256	0.0320602			
23.974359	0.0318474			
24.038462	0.0316652			
24.102564	0.0314277			
24.166667	0.031269			
24.230769	0.0310956			
24.294872	0.0309143			
24.358974	0.0307481			
24.423077	0.0305477			
24.487179	0.030362			
24.551282	0.0301694			
24.615385	0.0299998			
24.679487	0.0298595			
24.74359	0.0296779			
24.807692	0.0294866			
24.871795	0.0293308			
24.935897	0.0291619			
25	0.0290044			
25.064103	0.0288274			
25.128205	0.0286578			
25.192308	0.0284934			
25.25641	0.0283298			
25.320513	0.0281645			
25.384615	0.0280184			
25.448718	0.0278156			
25.512821	0.0277174			
25.576923	0.0275358			
25.641026	0.0273675			
25.705128	0.0272235			
25.769231	0.0270605			
25.833333	0.0268973			
25.897436	0.0267898			
25.961538	0.0265665			
26.025641	0.0264648			
26.089744	0.0263136			
26.153846	0.0262016			
26.217949	0.0260213			
26.282051	0.0258878			
26.346154	0.0257475			
26.410256	0.0255568			
26.474359	0.0254407			
26.538462	0.025329			
26.602564	0.0251944			
26.666667	0.0250021			
26.730769	0.024899			
26.794872	0.0247874			
26.858974	0.0246097			
26.923077	0.0245053			
26.987179	0.0243584			
27.051282	0.0242207			
27.115385	0.0240968			
27.179487	0.0239606			
27.24359	0.0238308			
27.307692	0.0236996			
27.371795	0.0235654			
27.435897	0.0234461			
27.5	0.0233288			
27.564103	0.0232077			
27.628205	0.023049			
27.692308	0.0229764			
27.75641	0.0228361			
27.820513	0.0227102			
27.884615	0.0225707			
27.948718	0.0224699			
28.012821	0.0223519			
28.076923	0.0222289			
28.141026	0.0221172			
28.205128	0.0219982			
28.269231	0.0218606			
28.333333	0.0217709			
28.397436	0.0216568			
28.461538	0.021554			
28.525641	0.0214211			
28.589744	0.0213001			
28.653846	0.0211958			
28.717949	0.0210945			
28.782051	0.0209725			
28.846154	0.0208773			
28.910256	0.0207827			
28.974359	0.0206428			
29.038462	0.0205563			
29.102564	0.0204386			
29.166667	0.0203558			
29.230769	0.0202588			
29.294872	0.0201191			
29.358974	0.0200307			
29.423077	0.0199289			
29.487179	0.0198209			
29.551282	0.0197238			
29.615385	0.0196311			
29.679487	0.0195353			
29.74359	0.0194224			
29.807692	0.0193163			
29.871795	0.0192478			
29.935897	0.0191385			
30	0.0190369			
30.064103	0.0189283			
30.128205	0.0188523			
30.192308	0.0187717			
30.25641	0.0186597			
30.320513	0.0185775			
30.384615	0.0184682			
30.448718	0.0183719			
30.512821	0.018286			
30.576923	0.0181997			
30.641026	0.0181046			
30.705128	0.0180093			
30.769231	0.0179334			
30.833333	0.0178483			
30.897436	0.0177504			
30.961538	0.0176594			
31.025641	0.0175786			
31.089744	0.0174863			
31.153846	0.0174006			
31.217949	0.0173405			
31.282051	0.0172444			
31.346154	0.0171426			
31.410256	0.0170687			
31.474359	0.0169818			
31.538462	0.0169067			
31.602564	0.0168254			
31.666667	0.0167422			
31.730769	0.0166536			
31.794872	0.0165645			
31.858974	0.0164992			
31.923077	0.0164201			
31.987179	0.0163297			
32.051282	0.0162566			
32.115385	0.0161796			
32.179487	0.0161059			
32.24359	0.0160412			
32.307692	0.0159424			
32.371795	0.0158702			
32.435897	0.0158114			
32.5	0.0157212			
32.564103	0.0156581			
32.628205	0.0155751			
32.692308	0.0154797			
32.75641	0.015425			
32.820513	0.0153526			
32.884615	0.0152742			
32.948718	0.015212			
33.012821	0.015147			
33.076923	0.0150773			
33.141026	0.0149872			
33.205128	0.0149253			
33.269231	0.0148636			
33.333333	0.0147717			
33.397436	0.0147313			
33.461538	0.0146347			
33.525641	0.0145725			
33.589744	0.0145201			
33.653846	0.0144383			
33.717949	0.0143776			
33.782051	0.0143055			
33.846154	0.0142368			
33.910256	0.0141796			
33.974359	0.0141024			
34.038462	0.0140442			
34.102564	0.0139893			
34.166667	0.0139265			
34.230769	0.0138457			
34.294872	0.0137823			
34.358974	0.0137303			
34.423077	0.0136481			
34.487179	0.0136026			
34.551282	0.0135544			
34.615385	0.0134767			
34.679487	0.013399			
34.74359	0.013357			
34.807692	0.0132954			
34.871795	0.0132294			
34.935897	0.0131648			
35	0.0131099			
35.064103	0.0130561			
35.128205	0.012992			
35.192308	0.0129305			
35.25641	0.0128768			
35.320513	0.0128176			
35.384615	0.0127644			
35.448718	0.0126881			
35.512821	0.0126433			
35.576923	0.0125868			
35.641026	0.0125323			
35.705128	0.0124722			
35.769231	0.0124294			
35.833333	0.0123571			
35.897436	0.0123148			
35.961538	0.0122473			
36.025641	0.0122054			
36.089744	0.0121354			
36.153846	0.012086			
36.217949	0.0120451			
36.282051	0.0119858			
36.346154	0.0119264			
36.410256	0.0118816			
36.474359	0.0118168			
36.538462	0.0117737			
36.602564	0.0117267			
36.666667	0.0116679			
36.730769	0.0116179			
36.794872	0.011568			
36.858974	0.0115065			
36.923077	0.0114724			
36.987179	0.0114101			
37.051282	0.0113664			
37.115385	0.0113155			
37.179487	0.0112608			
37.24359	0.0112135			
37.307692	0.0111739			
37.371795	0.011111			
37.435897	0.0110763			
37.5	0.0110134			
37.564103	0.0109676			
37.628205	0.0109271			
37.692308	0.0108782			
37.75641	0.0108389			
37.820513	0.0107799			
37.884615	0.0107361			
37.948718	0.010687			
38.012821	0.0106467			
38.076923	0.0105968			
38.141026	0.0105496			
38.205128	0.0105059			
38.269231	0.0104739			
38.333333	0.0104119			
38.397436	0.0103743			
38.461538	0.0103324			
38.525641	0.0102777			
38.589744	0.0102498			
38.653846	0.0101892			
38.717949	0.0101564			
38.782051	0.0101145			
38.846154	0.0100646			
38.910256	0.0100261			
38.974359	0.00998436			
39.038462	0.00994134			
39.102564	0.00989295			
39.166667	0.00985244			
39.230769	0.00981243			
39.294872	0.00976747			
39.358974	0.00973206			
39.423077	0.00968659			
39.487179	0.00964481			
39.551282	0.00961398			
39.615385	0.00957258			
39.679487	0.00952382			
39.74359	0.00948185			
39.807692	0.00944332			
39.871795	0.0094129			
39.935897	0.00936949			
40	0.00933113			
