0	0.00E+00	0.00E+00
0.005	0.00E+00	0.00E+00
0.01	-4.72E-01	2.54E+00
0.015	6.46E-02	1.81E+00
0.02	4.26E-01	1.27E+00
0.025	7.77E-01	6.57E-01
0.03	1.02E+00	9.30E-02
0.035	1.08E+00	-3.07E-01
0.04	9.23E-01	-4.65E-01
0.045	5.64E-01	-3.78E-01
0.05	9.64E-02	-1.22E-01
0.055	-3.58E-01	1.76E-01
0.06	-6.83E-01	3.82E-01
0.065	-8.12E-01	4.15E-01
0.07	-7.46E-01	2.72E-01
0.075	-5.52E-01	2.66E-02
0.08	-3.29E-01	-2.11E-01
0.085	-1.68E-01	-3.40E-01
0.09	-1.22E-01	-3.16E-01
0.095	-1.90E-01	-1.60E-01
0.1	-3.34E-01	4.94E-02
0.105	-4.96E-01	2.14E-01
0.11	-6.31E-01	2.56E-01
0.115	-7.11E-01	1.41E-01
0.12	-7.34E-01	-1.12E-01
0.125	-7.13E-01	-4.43E-01
0.13	-6.62E-01	-7.73E-01
0.135	-5.94E-01	-1.03E+00
0.14	-5.24E-01	-1.15E+00
0.145	-4.64E-01	-1.12E+00
0.15	-4.32E-01	-9.52E-01
0.155	-4.44E-01	-6.99E-01
0.16	-5.07E-01	-4.28E-01
0.165	-6.12E-01	-2.12E-01
0.17	-7.34E-01	-1.06E-01
0.175	-8.42E-01	-1.28E-01
0.18	-9.06E-01	-2.53E-01
0.185	-9.08E-01	-4.18E-01
0.19	-8.50E-01	-5.46E-01
0.195	-7.45E-01	-5.76E-01
0.2	-6.14E-01	-4.85E-01
0.205	-4.77E-01	-2.98E-01
0.21	-3.50E-01	-8.00E-02
0.215	-2.47E-01	9.29E-02
0.22	-1.82E-01	1.63E-01
0.225	-1.70E-01	1.15E-01
0.23	-2.22E-01	-1.95E-02
0.235	-3.37E-01	-1.77E-01
0.24	-5.00E-01	-2.87E-01
0.245	-6.76E-01	-3.02E-01
0.25	-8.23E-01	-2.12E-01
0.255	-9.05E-01	-5.05E-02
0.26	-8.98E-01	1.26E-01
0.265	-8.05E-01	2.60E-01
0.27	-6.46E-01	3.15E-01
0.275	-4.52E-01	2.88E-01
0.28	-2.48E-01	2.05E-01
0.285	-5.42E-02	1.08E-01
0.29	1.26E-01	2.80E-02
0.295	2.92E-01	-2.53E-02
0.3	4.46E-01	-6.80E-02
0.305	5.82E-01	-1.31E-01
0.31	6.90E-01	-2.38E-01
0.315	7.58E-01	-3.90E-01
0.32	7.76E-01	-5.50E-01
0.325	7.44E-01	-6.59E-01
0.33	6.65E-01	-6.59E-01
0.335	5.54E-01	-5.20E-01
0.34	4.27E-01	-2.62E-01
0.345	3.04E-01	4.16E-02
0.35	2.06E-01	2.88E-01
0.355	1.46E-01	3.80E-01
0.36	1.28E-01	2.65E-01
0.365	1.41E-01	-4.34E-02
0.37	1.59E-01	-4.66E-01
0.375	1.47E-01	-8.91E-01
0.38	7.89E-02	-1.21E+00
0.385	-5.28E-02	-1.37E+00
0.39	-2.28E-01	-1.37E+00
0.395	-4.01E-01	-1.26E+00
0.4	-5.21E-01	-1.13E+00
0.405	-5.45E-01	-1.03E+00
0.41	-4.64E-01	-1.00E+00
0.415	-3.02E-01	-1.02E+00
0.42	-1.05E-01	-1.03E+00
0.425	7.56E-02	-9.94E-01
0.43	2.09E-01	-9.00E-01
0.435	2.94E-01	-7.66E-01
0.44	3.49E-01	-6.27E-01
0.445	4.03E-01	-5.12E-01
0.45	4.70E-01	-4.23E-01
0.455	5.45E-01	-3.24E-01
0.46	6.03E-01	-1.66E-01
0.465	6.21E-01	8.25E-02
0.47	5.94E-01	4.10E-01
0.475	5.39E-01	7.52E-01
0.48	4.92E-01	1.01E+00
0.485	4.82E-01	1.08E+00
0.49	5.16E-01	9.38E-01
0.495	5.65E-01	6.03E-01
0.5	5.79E-01	1.80E-01
0.505	5.04E-01	-1.93E-01
0.51	3.18E-01	-3.98E-01
0.515	4.36E-02	-3.74E-01
0.52	-2.54E-01	-1.41E-01
0.525	-4.95E-01	2.16E-01
0.53	-6.18E-01	5.83E-01
0.535	-6.08E-01	8.62E-01
0.54	-5.04E-01	9.98E-01
0.545	-3.78E-01	9.91E-01
0.55	-3.05E-01	8.81E-01
0.555	-3.27E-01	7.24E-01
0.56	-4.34E-01	5.74E-01
0.565	-5.73E-01	4.66E-01
0.57	-6.73E-01	4.25E-01
0.575	-6.86E-01	4.61E-01
0.58	-6.07E-01	5.76E-01
0.585	-4.83E-01	7.54E-01
0.59	-3.93E-01	9.51E-01
0.595	-4.11E-01	1.10E+00
0.6	-5.74E-01	1.12E+00
0.605	-8.57E-01	9.39E-01
0.61	-1.18E+00	5.51E-01
0.615	-1.45E+00	6.08E-03
0.62	-1.55E+00	-5.80E-01
0.625	-1.44E+00	-1.07E+00
0.63	-1.13E+00	-1.34E+00
0.635	-6.76E-01	-1.37E+00
0.64	-1.77E-01	-1.19E+00
0.645	2.68E-01	-9.25E-01
0.65	5.83E-01	-7.16E-01
0.655	7.28E-01	-6.56E-01
0.66	7.05E-01	-7.62E-01
0.665	5.49E-01	-9.69E-01
0.67	3.17E-01	-1.16E+00
0.675	7.48E-02	-1.24E+00
0.68	-1.18E-01	-1.13E+00
0.685	-2.17E-01	-8.77E-01
0.69	-2.05E-01	-5.36E-01
0.695	-1.01E-01	-1.99E-01
0.7	4.47E-02	7.34E-02
0.705	1.65E-01	2.69E-01
0.71	1.98E-01	4.18E-01
0.715	1.18E-01	5.63E-01
0.72	-5.61E-02	7.26E-01
0.725	-2.61E-01	8.97E-01
0.73	-4.21E-01	1.04E+00
0.735	-4.81E-01	1.12E+00
0.74	-4.43E-01	1.11E+00
0.745	-3.70E-01	1.04E+00
0.75	-3.62E-01	9.35E-01
0.755	-5.10E-01	8.34E-01
0.76	-8.48E-01	7.34E-01
0.765	-1.32E+00	6.07E-01
0.77	-1.80E+00	4.13E-01
0.775	-2.14E+00	1.31E-01
0.78	-2.22E+00	-2.19E-01
0.785	-1.99E+00	-5.77E-01
0.79	-1.52E+00	-8.68E-01
0.795	-9.42E-01	-1.04E+00
0.8	-4.08E-01	-1.08E+00
0.805	-3.05E-02	-1.03E+00
0.81	1.49E-01	-9.77E-01
0.815	1.61E-01	-9.69E-01
0.82	7.76E-02	-1.03E+00
0.825	-2.61E-02	-1.14E+00
0.83	-1.02E-01	-1.25E+00
0.835	-1.35E-01	-1.29E+00
0.84	-1.36E-01	-1.26E+00
0.845	-1.18E-01	-1.15E+00
0.85	-8.42E-02	-9.97E-01
0.855	-3.33E-02	-8.47E-01
0.86	3.53E-02	-7.14E-01
0.865	1.10E-01	-5.98E-01
0.87	1.65E-01	-4.81E-01
0.875	1.77E-01	-3.48E-01
0.88	1.36E-01	-1.93E-01
0.885	6.15E-02	-1.96E-02
0.89	-8.26E-03	1.63E-01
0.895	-2.94E-02	3.46E-01
0.9	2.25E-02	5.15E-01
0.905	1.39E-01	6.50E-01
0.91	2.82E-01	7.19E-01
0.915	3.99E-01	6.89E-01
0.92	4.53E-01	5.52E-01
0.925	4.34E-01	3.40E-01
0.93	3.62E-01	1.35E-01
0.935	2.73E-01	4.15E-02
0.94	1.99E-01	1.40E-01
0.945	1.55E-01	4.37E-01
0.95	1.37E-01	8.45E-01
0.955	1.28E-01	1.20E+00
0.96	1.18E-01	1.34E+00
0.965	1.07E-01	1.15E+00
0.97	1.04E-01	6.52E-01
0.975	1.16E-01	-7.23E-03
0.98	1.39E-01	-6.25E-01
0.985	1.49E-01	-1.02E+00
0.99	1.15E-01	-1.12E+00
0.995	6.91E-03	-9.43E-01
1	-1.86E-01	-6.32E-01
1.005	-4.54E-01	-3.24E-01
1.01	-7.66E-01	-1.10E-01
1.015	-1.08E+00	-6.82E-03
1.02	-1.35E+00	2.30E-02
1.025	-1.54E+00	1.66E-02
1.03	-1.63E+00	-3.01E-02
1.035	-1.59E+00	-1.64E-01
1.04	-1.43E+00	-4.37E-01
1.045	-1.17E+00	-8.46E-01
1.05	-8.61E-01	-1.31E+00
1.055	-5.41E-01	-1.67E+00
1.06	-2.61E-01	-1.80E+00
1.065	-4.32E-02	-1.63E+00
1.07	1.12E-01	-1.23E+00
1.075	2.22E-01	-7.55E-01
1.08	3.06E-01	-3.67E-01
1.085	3.59E-01	-1.41E-01
1.09	3.56E-01	-1.24E-02
1.095	2.67E-01	1.86E-01
1.1	8.42E-02	6.17E-01
1.105	-1.45E-01	1.32E+00
1.11	-3.20E-01	2.14E+00
1.115	-3.19E-01	2.77E+00
1.12	-5.40E-02	2.87E+00
1.125	4.72E-01	2.25E+00
1.13	1.14E+00	9.87E-01
1.135	1.75E+00	-5.93E-01
1.14	2.09E+00	-2.01E+00
1.145	2.03E+00	-2.83E+00
1.15	1.57E+00	-2.85E+00
1.155	8.51E-01	-2.14E+00
1.16	1.17E-01	-1.04E+00
1.165	-4.20E-01	1.62E-02
1.17	-6.45E-01	6.96E-01
1.175	-5.84E-01	8.55E-01
1.18	-3.78E-01	5.79E-01
1.185	-2.05E-01	1.04E-01
1.19	-1.88E-01	-3.10E-01
1.195	-3.47E-01	-4.86E-01
1.2	-5.99E-01	-3.80E-01
1.205	-8.13E-01	-6.62E-02
1.21	-8.85E-01	3.27E-01
1.215	-7.89E-01	6.83E-01
1.22	-5.89E-01	9.35E-01
1.225	-3.96E-01	1.07E+00
1.23	-3.13E-01	1.10E+00
1.235	-3.84E-01	1.05E+00
1.24	-5.78E-01	9.33E-01
1.245	-8.21E-01	7.68E-01
1.25	-1.04E+00	5.68E-01
1.255	-1.19E+00	3.51E-01
1.26	-1.28E+00	1.35E-01
1.265	-1.37E+00	-7.50E-02
1.27	-1.47E+00	-2.88E-01
1.275	-1.61E+00	-5.20E-01
1.28	-1.73E+00	-7.76E-01
1.285	-1.77E+00	-1.05E+00
1.29	-1.69E+00	-1.29E+00
1.295	-1.47E+00	-1.49E+00
1.3	-1.15E+00	-1.61E+00
1.305	-7.95E-01	-1.67E+00
1.31	-4.60E-01	-1.70E+00
1.315	-1.92E-01	-1.75E+00
1.32	1.98E-03	-1.84E+00
1.325	1.42E-01	-1.95E+00
1.33	2.54E-01	-2.02E+00
1.335	3.55E-01	-1.98E+00
1.34	4.47E-01	-1.79E+00
1.345	5.16E-01	-1.44E+00
1.35	5.51E-01	-9.80E-01
1.355	5.53E-01	-5.04E-01
1.36	5.33E-01	-1.05E-01
1.365	5.09E-01	1.44E-01
1.37	4.91E-01	2.12E-01
1.375	4.72E-01	1.18E-01
1.38	4.25E-01	-8.49E-02
1.385	3.17E-01	-3.17E-01
1.39	1.21E-01	-4.98E-01
1.395	-1.71E-01	-5.61E-01
1.4	-5.35E-01	-4.72E-01
1.405	-9.26E-01	-2.36E-01
1.41	-1.28E+00	9.73E-02
1.415	-1.55E+00	4.49E-01
1.42	-1.68E+00	7.31E-01
1.425	-1.66E+00	8.76E-01
1.43	-1.50E+00	8.63E-01
1.435	-1.24E+00	7.21E-01
1.44	-9.24E-01	5.21E-01
1.445	-5.95E-01	3.45E-01
1.45	-2.87E-01	2.55E-01
1.455	-1.63E-02	2.71E-01
1.46	2.21E-01	3.70E-01
1.465	4.37E-01	4.96E-01
1.47	6.49E-01	5.90E-01
1.475	8.66E-01	6.07E-01
1.48	1.09E+00	5.29E-01
1.485	1.29E+00	3.65E-01
1.49	1.46E+00	1.41E-01
1.495	1.57E+00	-1.06E-01
1.5	1.60E+00	-3.34E-01
1.505	1.53E+00	-5.06E-01
1.51	1.37E+00	-5.89E-01
1.515	1.14E+00	-5.74E-01
1.52	8.81E-01	-4.77E-01
1.525	6.40E-01	-3.47E-01
1.53	4.69E-01	-2.52E-01
1.535	4.05E-01	-2.57E-01
1.54	4.56E-01	-3.96E-01
1.545	5.93E-01	-6.55E-01
1.55	7.56E-01	-9.71E-01
1.555	8.69E-01	-1.25E+00
1.56	8.70E-01	-1.42E+00
1.565	7.35E-01	-1.43E+00
1.57	4.91E-01	-1.30E+00
1.575	2.08E-01	-1.07E+00
1.58	-2.58E-02	-8.30E-01
1.585	-1.35E-01	-6.25E-01
1.59	-8.87E-02	-4.75E-01
1.595	9.34E-02	-3.64E-01
1.6	3.49E-01	-2.56E-01
1.605	5.97E-01	-1.22E-01
1.61	7.69E-01	4.70E-02
1.615	8.25E-01	2.37E-01
1.62	7.57E-01	4.24E-01
1.625	5.79E-01	5.89E-01
1.63	3.18E-01	7.22E-01
1.635	-1.95E-04	8.23E-01
1.64	-3.47E-01	8.88E-01
1.645	-6.90E-01	9.04E-01
1.65	-9.89E-01	8.45E-01
1.655	-1.20E+00	6.84E-01
1.66	-1.29E+00	4.11E-01
1.665	-1.26E+00	4.38E-02
1.67	-1.13E+00	-3.72E-01
1.675	-9.61E-01	-7.72E-01
1.68	-8.12E-01	-1.09E+00
1.685	-7.31E-01	-1.29E+00
1.69	-7.25E-01	-1.36E+00
1.695	-7.61E-01	-1.29E+00
1.7	-7.79E-01	-1.12E+00
1.705	-7.24E-01	-8.79E-01
1.71	-5.68E-01	-5.86E-01
1.715	-3.25E-01	-2.69E-01
1.72	-4.03E-02	4.82E-02
1.725	2.30E-01	3.43E-01
1.73	4.42E-01	5.96E-01
1.735	5.81E-01	7.98E-01
1.74	6.59E-01	9.53E-01
1.745	7.01E-01	1.08E+00
1.75	7.28E-01	1.20E+00
1.755	7.48E-01	1.31E+00
1.76	7.57E-01	1.42E+00
1.765	7.50E-01	1.50E+00
1.77	7.36E-01	1.50E+00
1.775	7.34E-01	1.40E+00
1.78	7.72E-01	1.18E+00
1.785	8.67E-01	8.48E-01
1.79	1.01E+00	4.53E-01
1.795	1.16E+00	4.65E-02
1.8	1.26E+00	-3.21E-01
1.805	1.26E+00	-6.13E-01
1.81	1.13E+00	-8.12E-01
1.815	9.04E-01	-9.12E-01
1.82	6.31E-01	-9.13E-01
1.825	3.86E-01	-8.12E-01
1.83	2.35E-01	-6.09E-01
1.835	2.10E-01	-3.15E-01
1.84	3.04E-01	3.81E-02
1.845	4.79E-01	3.95E-01
1.85	6.82E-01	6.89E-01
1.855	8.65E-01	8.58E-01
1.86	9.99E-01	8.67E-01
1.865	1.08E+00	7.27E-01
1.87	1.11E+00	4.89E-01
1.875	1.11E+00	2.29E-01
1.88	1.10E+00	2.51E-02
1.885	1.09E+00	-7.10E-02
1.89	1.07E+00	-4.48E-02
1.895	1.06E+00	8.37E-02
1.9	1.04E+00	2.76E-01
1.905	1.01E+00	4.96E-01
1.91	9.73E-01	7.23E-01
1.915	9.22E-01	9.57E-01
1.92	8.70E-01	1.21E+00
1.925	8.35E-01	1.48E+00
1.93	8.39E-01	1.77E+00
1.935	9.00E-01	2.05E+00
1.94	1.03E+00	2.30E+00
1.945	1.22E+00	2.49E+00
1.95	1.45E+00	2.61E+00
1.955	1.68E+00	2.67E+00
1.96	1.89E+00	2.68E+00
1.965	2.05E+00	2.65E+00
1.97	2.14E+00	2.60E+00
1.975	2.18E+00	2.53E+00
1.98	2.19E+00	2.42E+00
1.985	2.19E+00	2.26E+00
1.99	2.22E+00	2.04E+00
1.995	2.27E+00	1.74E+00
2	2.35E+00	1.37E+00
2.005	2.42E+00	9.28E-01
2.01	2.47E+00	4.31E-01
2.015	2.46E+00	-8.81E-02
2.02	2.40E+00	-5.79E-01
2.025	2.32E+00	-9.83E-01
2.03	2.25E+00	-1.25E+00
2.035	2.25E+00	-1.36E+00
2.04	2.35E+00	-1.33E+00
2.045	2.57E+00	-1.21E+00
2.05	2.84E+00	-1.10E+00
2.055	3.11E+00	-1.08E+00
2.06	3.30E+00	-1.20E+00
2.065	3.35E+00	-1.46E+00
2.07	3.24E+00	-1.81E+00
2.075	3.02E+00	-2.18E+00
2.08	2.77E+00	-2.51E+00
2.085	2.54E+00	-2.77E+00
2.09	2.41E+00	-2.96E+00
2.095	2.36E+00	-3.11E+00
2.1	2.38E+00	-3.24E+00
2.105	2.41E+00	-3.37E+00
2.11	2.42E+00	-3.46E+00
2.115	2.39E+00	-3.49E+00
2.12	2.35E+00	-3.45E+00
2.125	2.34E+00	-3.33E+00
2.13	2.40E+00	-3.18E+00
2.135	2.56E+00	-3.07E+00
2.14	2.80E+00	-3.04E+00
2.145	3.07E+00	-3.10E+00
2.15	3.34E+00	-3.23E+00
2.155	3.58E+00	-3.37E+00
2.16	3.78E+00	-3.47E+00
2.165	3.94E+00	-3.49E+00
2.17	4.07E+00	-3.43E+00
2.175	4.20E+00	-3.32E+00
2.18	4.31E+00	-3.21E+00
2.185	4.39E+00	-3.11E+00
2.19	4.45E+00	-3.03E+00
2.195	4.47E+00	-2.95E+00
2.2	4.48E+00	-2.84E+00
2.205	4.49E+00	-2.70E+00
2.21	4.52E+00	-2.55E+00
2.215	4.56E+00	-2.43E+00
2.22	4.61E+00	-2.36E+00
2.225	4.66E+00	-2.37E+00
2.23	4.70E+00	-2.43E+00
2.235	4.75E+00	-2.51E+00
2.24	4.81E+00	-2.59E+00
2.245	4.90E+00	-2.64E+00
2.25	5.04E+00	-2.66E+00
2.255	5.20E+00	-2.66E+00
2.26	5.36E+00	-2.66E+00
2.265	5.49E+00	-2.66E+00
2.27	5.56E+00	-2.65E+00
2.275	5.58E+00	-2.60E+00
2.28	5.56E+00	-2.49E+00
2.285	5.53E+00	-2.34E+00
2.29	5.51E+00	-2.16E+00
2.295	5.51E+00	-1.98E+00
2.3	5.53E+00	-1.82E+00
2.305	5.54E+00	-1.66E+00
2.31	5.54E+00	-1.48E+00
2.315	5.53E+00	-1.26E+00
2.32	5.52E+00	-9.76E-01
2.325	5.55E+00	-6.44E-01
2.33	5.61E+00	-2.95E-01
2.335	5.73E+00	3.57E-02
2.34	5.87E+00	3.24E-01
2.345	5.99E+00	5.77E-01
2.35	6.06E+00	8.26E-01
2.355	6.01E+00	1.11E+00
2.36	5.82E+00	1.46E+00
2.365	5.48E+00	1.86E+00
2.37	4.98E+00	2.28E+00
2.375	4.36E+00	2.65E+00
2.38	3.64E+00	2.92E+00
2.385	2.86E+00	3.08E+00
2.39	2.06E+00	3.13E+00
2.395	1.26E+00	3.11E+00
2.4	4.94E-01	3.07E+00
2.405	-2.34E-01	3.05E+00
2.41	-9.17E-01	3.06E+00
2.415	-1.56E+00	3.08E+00
2.42	-2.15E+00	3.12E+00
2.425	-2.70E+00	3.15E+00
2.43	-3.21E+00	3.17E+00
2.435	-3.67E+00	3.19E+00
2.44	-4.10E+00	3.21E+00
2.445	-4.50E+00	3.22E+00
2.45	-4.88E+00	3.22E+00
2.455	-5.27E+00	3.17E+00
2.46	-5.66E+00	3.06E+00
2.465	-6.06E+00	2.87E+00
2.47	-6.44E+00	2.62E+00
2.475	-6.78E+00	2.33E+00
2.48	-7.07E+00	2.02E+00
2.485	-7.27E+00	1.73E+00
2.49	-7.41E+00	1.46E+00
2.495	-7.48E+00	1.21E+00
2.5	-7.52E+00	9.62E-01
2.505	-7.53E+00	7.28E-01
2.51	-7.54E+00	5.07E-01
2.515	-7.55E+00	3.10E-01
2.52	-7.55E+00	1.49E-01
2.525	-7.55E+00	3.55E-02
2.53	-7.53E+00	-2.47E-02
2.535	-7.51E+00	-3.01E-02
2.54	-7.47E+00	1.92E-02
2.545	-7.43E+00	1.23E-01
2.55	-7.38E+00	2.79E-01
2.555	-7.32E+00	4.85E-01
2.56	-7.25E+00	7.32E-01
2.565	-7.17E+00	1.01E+00
2.57	-7.08E+00	1.30E+00
2.575	-6.98E+00	1.60E+00
2.58	-6.89E+00	1.89E+00
2.585	-6.81E+00	2.18E+00
2.59	-6.76E+00	2.47E+00
2.595	-6.72E+00	2.75E+00
2.6	-6.69E+00	3.00E+00
2.605	-6.69E+00	3.22E+00
2.61	-6.69E+00	3.39E+00
2.615	-6.72E+00	3.50E+00
2.62	-6.75E+00	3.55E+00
2.625	-6.79E+00	3.56E+00
2.63	-6.83E+00	3.55E+00
2.635	-6.85E+00	3.53E+00
2.64	-6.86E+00	3.51E+00
2.645	-6.87E+00	3.47E+00
2.65	-6.89E+00	3.40E+00
2.655	-6.95E+00	3.26E+00
2.66	-7.07E+00	3.07E+00
2.665	-7.24E+00	2.83E+00
2.67	-7.46E+00	2.59E+00
2.675	-7.69E+00	2.40E+00
2.68	-7.91E+00	2.30E+00
2.685	-8.09E+00	2.33E+00
2.69	-8.20E+00	2.49E+00
2.695	-8.24E+00	2.76E+00
2.7	-8.19E+00	3.10E+00
2.705	-8.05E+00	3.47E+00
2.71	-7.80E+00	3.81E+00
2.715	-7.45E+00	4.11E+00
2.72	-7.02E+00	4.35E+00
2.725	-6.53E+00	4.52E+00
2.73	-6.02E+00	4.63E+00
2.735	-5.52E+00	4.67E+00
2.74	-5.06E+00	4.64E+00
2.745	-4.63E+00	4.54E+00
2.75	-4.24E+00	4.35E+00
2.755	-3.87E+00	4.10E+00
2.76	-3.51E+00	3.80E+00
2.765	-3.14E+00	3.49E+00
2.77	-2.78E+00	3.21E+00
2.775	-2.41E+00	2.97E+00
2.78	-2.04E+00	2.76E+00
2.785	-1.65E+00	2.58E+00
2.79	-1.26E+00	2.37E+00
2.795	-8.82E-01	2.11E+00
2.8	-5.57E-01	1.76E+00
2.805	-3.20E-01	1.32E+00
2.81	-1.92E-01	8.09E-01
2.815	-1.71E-01	2.55E-01
2.82	-2.25E-01	-3.08E-01
2.825	-3.13E-01	-8.51E-01
2.83	-3.99E-01	-1.35E+00
2.835	-4.74E-01	-1.78E+00
2.84	-5.51E-01	-2.13E+00
2.845	-6.54E-01	-2.35E+00
2.85	-7.95E-01	-2.42E+00
2.855	-9.52E-01	-2.33E+00
2.86	-1.08E+00	-2.10E+00
2.865	-1.11E+00	-1.80E+00
2.87	-1.04E+00	-1.53E+00
2.875	-8.63E-01	-1.39E+00
2.88	-6.55E-01	-1.45E+00
2.885	-4.78E-01	-1.74E+00
2.89	-3.60E-01	-2.20E+00
2.895	-2.49E-01	-2.70E+00
2.9	-2.91E-02	-3.10E+00
2.905	4.39E-01	-3.25E+00
2.91	1.24E+00	-3.06E+00
2.915	2.33E+00	-2.51E+00
2.92	3.55E+00	-1.67E+00
2.925	4.64E+00	-6.75E-01
2.93	5.33E+00	3.42E-01
2.935	5.47E+00	1.24E+00
2.94	5.08E+00	1.93E+00
2.945	4.34E+00	2.37E+00
2.95	3.49E+00	2.55E+00
2.955	2.81E+00	2.53E+00
2.96	2.43E+00	2.38E+00
2.965	2.36E+00	2.20E+00
2.97	2.51E+00	2.05E+00
2.975	2.72E+00	1.99E+00
2.98	2.88E+00	2.04E+00
2.985	2.95E+00	2.20E+00
2.99	2.99E+00	2.42E+00
2.995	3.05E+00	2.64E+00
3	3.19E+00	2.81E+00
3.005	3.38E+00	2.90E+00
3.01	3.56E+00	2.91E+00
3.015	3.63E+00	2.85E+00
3.02	3.54E+00	2.76E+00
3.025	3.29E+00	2.65E+00
3.03	2.95E+00	2.51E+00
3.035	2.60E+00	2.30E+00
3.04	2.33E+00	1.99E+00
3.045	2.17E+00	1.55E+00
3.05	2.10E+00	9.78E-01
3.055	2.09E+00	3.05E-01
3.06	2.08E+00	-4.10E-01
3.065	2.05E+00	-1.09E+00
3.07	2.02E+00	-1.68E+00
3.075	2.00E+00	-2.13E+00
3.08	2.00E+00	-2.41E+00
3.085	2.01E+00	-2.52E+00
3.09	2.04E+00	-2.48E+00
3.095	2.05E+00	-2.31E+00
3.1	2.03E+00	-2.04E+00
3.105	2.00E+00	-1.71E+00
3.11	1.96E+00	-1.39E+00
3.115	1.93E+00	-1.10E+00
3.12	1.92E+00	-8.91E-01
3.125	1.90E+00	-7.77E-01
3.13	1.86E+00	-7.54E-01
3.135	1.78E+00	-8.05E-01
3.14	1.67E+00	-9.09E-01
3.145	1.54E+00	-1.05E+00
3.15	1.41E+00	-1.24E+00
3.155	1.29E+00	-1.49E+00
3.16	1.17E+00	-1.79E+00
3.165	1.05E+00	-2.16E+00
3.17	8.97E-01	-2.55E+00
3.175	7.08E-01	-2.94E+00
3.18	5.04E-01	-3.26E+00
3.185	3.28E-01	-3.48E+00
3.19	2.33E-01	-3.57E+00
3.195	2.63E-01	-3.53E+00
3.2	4.33E-01	-3.41E+00
3.205	7.26E-01	-3.24E+00
3.21	1.09E+00	-3.07E+00
3.215	1.47E+00	-2.92E+00
3.22	1.81E+00	-2.80E+00
3.225	2.08E+00	-2.70E+00
3.23	2.27E+00	-2.60E+00
3.235	2.41E+00	-2.47E+00
3.24	2.53E+00	-2.32E+00
3.245	2.67E+00	-2.13E+00
3.25	2.83E+00	-1.92E+00
3.255	3.03E+00	-1.74E+00
3.26	3.24E+00	-1.60E+00
3.265	3.44E+00	-1.53E+00
3.27	3.59E+00	-1.54E+00
3.275	3.69E+00	-1.59E+00
3.28	3.71E+00	-1.63E+00
3.285	3.67E+00	-1.60E+00
3.29	3.57E+00	-1.45E+00
3.295	3.45E+00	-1.18E+00
3.3	3.30E+00	-7.94E-01
3.305	3.15E+00	-3.66E-01
3.31	3.00E+00	3.44E-02
3.315	2.86E+00	3.45E-01
3.32	2.74E+00	5.40E-01
3.325	2.62E+00	6.36E-01
3.33	2.52E+00	6.86E-01
3.335	2.40E+00	7.48E-01
3.34	2.25E+00	8.57E-01
3.345	2.03E+00	1.00E+00
3.35	1.75E+00	1.13E+00
3.355	1.38E+00	1.16E+00
3.36	9.65E-01	1.01E+00
3.365	5.30E-01	6.57E-01
3.37	1.23E-01	1.29E-01
3.375	-2.22E-01	-4.81E-01
3.38	-4.84E-01	-1.05E+00
3.385	-6.67E-01	-1.47E+00
3.39	-7.95E-01	-1.67E+00
3.395	-9.00E-01	-1.66E+00
3.4	-1.02E+00	-1.49E+00
3.405	-1.16E+00	-1.25E+00
3.41	-1.35E+00	-1.05E+00
3.415	-1.56E+00	-9.23E-01
3.42	-1.78E+00	-8.86E-01
3.425	-2.00E+00	-8.99E-01
3.43	-2.19E+00	-9.05E-01
3.435	-2.35E+00	-8.51E-01
3.44	-2.50E+00	-7.11E-01
3.445	-2.62E+00	-4.87E-01
3.45	-2.75E+00	-2.04E-01
3.455	-2.87E+00	1.04E-01
3.46	-2.98E+00	4.02E-01
3.465	-3.06E+00	6.62E-01
3.47	-3.11E+00	8.61E-01
3.475	-3.10E+00	9.73E-01
3.48	-3.05E+00	9.73E-01
3.485	-2.96E+00	8.45E-01
3.49	-2.87E+00	5.93E-01
3.495	-2.78E+00	2.52E-01
3.5	-2.72E+00	-1.17E-01
3.505	-2.66E+00	-4.37E-01
3.51	-2.61E+00	-6.39E-01
3.515	-2.54E+00	-6.95E-01
3.52	-2.45E+00	-6.18E-01
3.525	-2.32E+00	-4.66E-01
3.53	-2.17E+00	-3.14E-01
3.535	-2.01E+00	-2.18E-01
3.54	-1.87E+00	-2.02E-01
3.545	-1.74E+00	-2.40E-01
3.55	-1.65E+00	-2.83E-01
3.555	-1.62E+00	-2.82E-01
3.56	-1.66E+00	-2.21E-01
3.565	-1.80E+00	-1.28E-01
3.57	-2.04E+00	-6.84E-02
3.575	-2.37E+00	-1.11E-01
3.58	-2.72E+00	-2.97E-01
3.585	-3.03E+00	-6.16E-01
3.59	-3.20E+00	-1.01E+00
3.595	-3.18E+00	-1.38E+00
3.6	-2.94E+00	-1.65E+00
3.605	-2.51E+00	-1.78E+00
3.61	-1.96E+00	-1.78E+00
3.615	-1.38E+00	-1.72E+00
3.62	-8.49E-01	-1.65E+00
3.625	-4.05E-01	-1.65E+00
3.63	-6.38E-02	-1.73E+00
3.635	1.88E-01	-1.85E+00
3.64	3.78E-01	-1.99E+00
3.645	5.27E-01	-2.09E+00
3.65	6.48E-01	-2.13E+00
3.655	7.44E-01	-2.13E+00
3.66	8.16E-01	-2.10E+00
3.665	8.67E-01	-2.09E+00
3.67	9.03E-01	-2.12E+00
3.675	9.32E-01	-2.21E+00
3.68	9.54E-01	-2.34E+00
3.685	9.61E-01	-2.51E+00
3.69	9.44E-01	-2.69E+00
3.695	8.97E-01	-2.86E+00
3.7	8.22E-01	-3.02E+00
3.705	7.34E-01	-3.16E+00
3.71	6.51E-01	-3.29E+00
3.715	5.89E-01	-3.40E+00
3.72	5.48E-01	-3.51E+00
3.725	5.20E-01	-3.63E+00
3.73	4.89E-01	-3.77E+00
3.735	4.46E-01	-3.89E+00
3.74	4.00E-01	-3.98E+00
3.745	3.76E-01	-3.98E+00
3.75	4.06E-01	-3.87E+00
3.755	5.17E-01	-3.64E+00
3.76	7.15E-01	-3.31E+00
3.765	9.79E-01	-2.95E+00
3.77	1.27E+00	-2.59E+00
3.775	1.54E+00	-2.25E+00
3.78	1.76E+00	-1.90E+00
3.785	1.90E+00	-1.50E+00
3.79	1.98E+00	-9.84E-01
3.795	2.01E+00	-3.22E-01
3.8	2.00E+00	4.54E-01
3.805	1.94E+00	1.25E+00
3.81	1.81E+00	1.96E+00
3.815	1.59E+00	2.45E+00
3.82	1.28E+00	2.66E+00
3.825	8.76E-01	2.59E+00
3.83	4.14E-01	2.31E+00
3.835	-5.65E-02	1.90E+00
3.84	-4.90E-01	1.48E+00
3.845	-8.57E-01	1.12E+00
3.85	-1.15E+00	8.75E-01
3.855	-1.40E+00	7.73E-01
3.86	-1.62E+00	8.15E-01
3.865	-1.84E+00	9.85E-01
3.87	-2.07E+00	1.25E+00
3.875	-2.27E+00	1.54E+00
3.88	-2.44E+00	1.80E+00
3.885	-2.54E+00	1.96E+00
3.89	-2.57E+00	1.97E+00
3.895	-2.57E+00	1.85E+00
3.9	-2.55E+00	1.63E+00
3.905	-2.56E+00	1.39E+00
3.91	-2.60E+00	1.17E+00
3.915	-2.66E+00	1.00E+00
3.92	-2.71E+00	8.60E-01
3.925	-2.71E+00	7.08E-01
3.93	-2.67E+00	5.16E-01
3.935	-2.60E+00	2.90E-01
3.94	-2.54E+00	7.01E-02
3.945	-2.56E+00	-9.25E-02
3.95	-2.66E+00	-1.73E-01
3.955	-2.83E+00	-2.00E-01
3.96	-3.01E+00	-2.52E-01
3.965	-3.10E+00	-4.25E-01
3.97	-3.01E+00	-7.80E-01
3.975	-2.73E+00	-1.30E+00
3.98	-2.25E+00	-1.91E+00
3.985	-1.64E+00	-2.46E+00
3.99	-9.91E-01	-2.86E+00
3.995	-3.55E-01	-3.07E+00
4	2.41E-01	-3.13E+00
4.005	8.15E-01	-3.18E+00
4.01	1.41E+00	-3.31E+00
4.015	2.05E+00	-3.57E+00
4.02	2.74E+00	-3.90E+00
4.025	3.45E+00	-4.18E+00
4.03	4.10E+00	-4.27E+00
4.035	4.65E+00	-4.07E+00
4.04	5.04E+00	-3.59E+00
4.045	5.26E+00	-2.93E+00
4.05	5.34E+00	-2.21E+00
4.055	5.28E+00	-1.53E+00
4.06	5.10E+00	-9.41E-01
4.065	4.78E+00	-3.81E-01
4.07	4.32E+00	2.24E-01
4.075	3.72E+00	9.33E-01
4.08	3.01E+00	1.73E+00
4.085	2.28E+00	2.54E+00
4.09	1.61E+00	3.22E+00
4.095	1.10E+00	3.65E+00
4.1	7.67E-01	3.78E+00
4.105	5.97E-01	3.65E+00
4.11	5.09E-01	3.36E+00
4.115	3.97E-01	3.04E+00
4.12	1.77E-01	2.79E+00
4.125	-1.91E-01	2.67E+00
4.13	-6.80E-01	2.69E+00
4.135	-1.22E+00	2.79E+00
4.14	-1.71E+00	2.93E+00
4.145	-2.09E+00	3.06E+00
4.15	-2.33E+00	3.16E+00
4.155	-2.46E+00	3.22E+00
4.16	-2.53E+00	3.24E+00
4.165	-2.59E+00	3.22E+00
4.17	-2.68E+00	3.15E+00
4.175	-2.82E+00	3.05E+00
4.18	-2.99E+00	2.93E+00
4.185	-3.18E+00	2.83E+00
4.19	-3.38E+00	2.74E+00
4.195	-3.58E+00	2.66E+00
4.2	-3.81E+00	2.56E+00
4.205	-4.04E+00	2.42E+00
4.21	-4.26E+00	2.23E+00
4.215	-4.43E+00	2.03E+00
4.22	-4.50E+00	1.87E+00
4.225	-4.47E+00	1.83E+00
4.23	-4.33E+00	1.94E+00
4.235	-4.13E+00	2.20E+00
4.24	-3.92E+00	2.51E+00
4.245	-3.75E+00	2.77E+00
4.25	-3.63E+00	2.86E+00
4.255	-3.53E+00	2.69E+00
4.26	-3.38E+00	2.25E+00
4.265	-3.11E+00	1.61E+00
4.27	-2.69E+00	8.56E-01
4.275	-2.12E+00	1.01E-01
4.28	-1.47E+00	-5.77E-01
4.285	-8.32E-01	-1.14E+00
4.29	-2.82E-01	-1.59E+00
4.295	1.31E-01	-1.93E+00
4.3	4.05E-01	-2.16E+00
4.305	5.81E-01	-2.29E+00
4.31	7.14E-01	-2.30E+00
4.315	8.50E-01	-2.18E+00
4.32	1.01E+00	-1.96E+00
4.325	1.19E+00	-1.71E+00
4.33	1.36E+00	-1.49E+00
4.335	1.51E+00	-1.39E+00
4.34	1.64E+00	-1.41E+00
4.345	1.76E+00	-1.55E+00
4.35	1.90E+00	-1.75E+00
4.355	2.08E+00	-1.94E+00
4.36	2.30E+00	-2.06E+00
4.365	2.54E+00	-2.08E+00
4.37	2.76E+00	-2.01E+00
4.375	2.93E+00	-1.88E+00
4.38	3.00E+00	-1.71E+00
4.385	2.94E+00	-1.55E+00
4.39	2.76E+00	-1.40E+00
4.395	2.46E+00	-1.25E+00
4.4	2.08E+00	-1.11E+00
4.405	1.66E+00	-9.24E-01
4.41	1.24E+00	-6.76E-01
4.415	8.75E-01	-3.29E-01
4.42	6.03E-01	1.38E-01
4.425	4.42E-01	7.20E-01
4.43	3.92E-01	1.38E+00
4.435	4.35E-01	2.03E+00
4.44	5.49E-01	2.58E+00
4.445	7.11E-01	2.95E+00
4.45	9.02E-01	3.07E+00
4.455	1.11E+00	2.96E+00
4.46	1.30E+00	2.65E+00
4.465	1.46E+00	2.24E+00
4.47	1.54E+00	1.78E+00
4.475	1.49E+00	1.32E+00
4.48	1.29E+00	8.43E-01
4.485	9.45E-01	3.35E-01
4.49	4.84E-01	-2.19E-01
4.495	-2.55E-02	-7.91E-01
4.5	-5.06E-01	-1.31E+00
4.505	-8.91E-01	-1.68E+00
4.51	-1.14E+00	-1.82E+00
4.515	-1.26E+00	-1.71E+00
4.52	-1.26E+00	-1.38E+00
4.525	-1.19E+00	-9.09E-01
4.53	-1.08E+00	-4.03E-01
4.535	-9.51E-01	6.75E-02
4.54	-7.98E-01	4.73E-01
4.545	-6.19E-01	8.22E-01
4.55	-4.08E-01	1.13E+00
4.555	-1.67E-01	1.40E+00
4.56	9.21E-02	1.60E+00
4.565	3.48E-01	1.66E+00
4.57	5.77E-01	1.55E+00
4.575	7.49E-01	1.27E+00
4.58	8.40E-01	8.73E-01
4.585	8.26E-01	4.59E-01
4.59	6.97E-01	1.29E-01
4.595	4.61E-01	-5.52E-02
4.6	1.49E-01	-9.88E-02
4.605	-1.89E-01	-6.47E-02
4.61	-4.89E-01	-4.27E-02
4.615	-6.94E-01	-1.04E-01
4.62	-7.72E-01	-2.66E-01
4.625	-7.21E-01	-4.86E-01
4.63	-5.71E-01	-6.80E-01
4.635	-3.68E-01	-7.63E-01
4.64	-1.53E-01	-6.86E-01
4.645	5.04E-02	-4.55E-01
4.65	2.42E-01	-1.30E-01
4.655	4.36E-01	2.00E-01
4.66	6.48E-01	4.50E-01
4.665	8.71E-01	5.62E-01
4.67	1.08E+00	5.22E-01
4.675	1.24E+00	3.58E-01
4.68	1.30E+00	1.25E-01
4.685	1.26E+00	-1.04E-01
4.69	1.14E+00	-2.61E-01
4.695	9.81E-01	-2.96E-01
4.7	8.31E-01	-1.85E-01
4.705	7.30E-01	6.11E-02
4.71	6.90E-01	4.02E-01
4.715	6.96E-01	7.76E-01
4.72	7.19E-01	1.11E+00
4.725	7.35E-01	1.36E+00
4.73	7.40E-01	1.47E+00
4.735	7.51E-01	1.46E+00
4.74	7.99E-01	1.35E+00
4.745	9.11E-01	1.16E+00
4.75	1.09E+00	9.32E-01
4.755	1.33E+00	6.78E-01
4.76	1.59E+00	4.10E-01
4.765	1.83E+00	1.30E-01
4.77	2.02E+00	-1.56E-01
4.775	2.15E+00	-4.37E-01
4.78	2.22E+00	-7.00E-01
4.785	2.22E+00	-9.29E-01
4.79	2.19E+00	-1.11E+00
4.795	2.11E+00	-1.23E+00
4.8	1.99E+00	-1.29E+00
4.805	1.84E+00	-1.27E+00
4.81	1.69E+00	-1.15E+00
4.815	1.55E+00	-9.36E-01
4.82	1.44E+00	-6.37E-01
4.825	1.38E+00	-2.84E-01
4.83	1.37E+00	6.92E-02
4.835	1.39E+00	3.67E-01
4.84	1.44E+00	5.63E-01
4.845	1.51E+00	6.45E-01
4.85	1.60E+00	6.35E-01
4.855	1.73E+00	5.86E-01
4.86	1.88E+00	5.56E-01
4.865	2.05E+00	5.84E-01
4.87	2.17E+00	6.67E-01
4.875	2.17E+00	7.56E-01
4.88	2.00E+00	7.66E-01
4.885	1.63E+00	6.12E-01
4.89	1.09E+00	2.41E-01
4.895	4.36E-01	-3.42E-01
4.9	-2.15E-01	-1.06E+00
4.905	-7.70E-01	-1.79E+00
4.91	-1.16E+00	-2.37E+00
4.915	-1.39E+00	-2.69E+00
4.92	-1.47E+00	-2.68E+00
4.925	-1.47E+00	-2.37E+00
4.93	-1.45E+00	-1.87E+00
4.935	-1.44E+00	-1.31E+00
4.94	-1.47E+00	-8.32E-01
4.945	-1.50E+00	-5.35E-01
4.95	-1.53E+00	-4.28E-01
4.955	-1.55E+00	-4.51E-01
4.96	-1.55E+00	-4.92E-01
4.965	-1.56E+00	-4.31E-01
4.97	-1.59E+00	-1.85E-01
4.975	-1.63E+00	2.66E-01
4.98	-1.66E+00	8.76E-01
4.985	-1.66E+00	1.55E+00
4.99	-1.58E+00	2.20E+00
4.995	-1.40E+00	2.71E+00
5	-1.12E+00	3.05E+00
5.005	-7.71E-01	3.20E+00
5.01	-3.94E-01	3.19E+00
5.015	-3.74E-02	3.06E+00
5.02	2.57E-01	2.85E+00
5.025	4.61E-01	2.60E+00
5.03	5.67E-01	2.36E+00
5.035	5.82E-01	2.15E+00
5.04	5.25E-01	2.00E+00
5.045	4.23E-01	1.90E+00
5.05	3.01E-01	1.87E+00
5.055	1.79E-01	1.89E+00
5.06	6.94E-02	1.93E+00
5.065	-2.84E-02	1.98E+00
5.07	-1.24E-01	2.02E+00
5.075	-2.31E-01	2.04E+00
5.08	-3.59E-01	2.06E+00
5.085	-5.08E-01	2.08E+00
5.09	-6.67E-01	2.10E+00
5.095	-8.15E-01	2.13E+00
5.1	-9.35E-01	2.16E+00
5.105	-1.02E+00	2.18E+00
5.11	-1.08E+00	2.19E+00
5.115	-1.13E+00	2.17E+00
5.12	-1.21E+00	2.16E+00
5.125	-1.35E+00	2.13E+00
5.13	-1.53E+00	2.11E+00
5.135	-1.73E+00	2.09E+00
5.14	-1.91E+00	2.07E+00
5.145	-2.01E+00	2.05E+00
5.15	-1.98E+00	2.03E+00
5.155	-1.82E+00	2.01E+00
5.16	-1.54E+00	1.99E+00
5.165	-1.17E+00	1.97E+00
5.17	-7.68E-01	1.93E+00
5.175	-3.77E-01	1.88E+00
5.18	-3.12E-02	1.82E+00
5.185	2.56E-01	1.76E+00
5.19	4.85E-01	1.71E+00
5.195	6.60E-01	1.71E+00
5.2	7.90E-01	1.74E+00
5.205	8.78E-01	1.79E+00
5.21	9.31E-01	1.82E+00
5.215	9.54E-01	1.80E+00
5.22	9.57E-01	1.70E+00
5.225	9.52E-01	1.51E+00
5.23	9.45E-01	1.25E+00
5.235	9.42E-01	9.53E-01
5.24	9.36E-01	6.43E-01
5.245	9.23E-01	3.47E-01
5.25	8.96E-01	8.24E-02
5.255	8.58E-01	-1.32E-01
5.26	8.20E-01	-2.73E-01
5.265	7.98E-01	-3.13E-01
5.27	8.09E-01	-2.30E-01
5.275	8.61E-01	-2.02E-02
5.28	9.51E-01	2.91E-01
5.285	1.07E+00	6.50E-01
5.29	1.20E+00	9.91E-01
5.295	1.32E+00	1.26E+00
5.3	1.42E+00	1.45E+00
5.305	1.51E+00	1.57E+00
5.31	1.57E+00	1.68E+00
5.315	1.61E+00	1.80E+00
5.32	1.60E+00	1.94E+00
5.325	1.54E+00	2.04E+00
5.33	1.40E+00	2.02E+00
5.335	1.18E+00	1.81E+00
5.34	9.04E-01	1.37E+00
5.345	5.98E-01	7.71E-01
5.35	3.08E-01	1.25E-01
5.355	7.72E-02	-4.10E-01
5.36	-6.54E-02	-7.05E-01
5.365	-1.13E-01	-7.02E-01
5.37	-8.27E-02	-4.36E-01
5.375	-7.19E-03	-1.44E-02
5.38	7.52E-02	4.27E-01
5.385	1.32E-01	7.78E-01
5.39	1.45E-01	9.85E-01
5.395	1.05E-01	1.06E+00
5.4	1.69E-02	1.06E+00
5.405	-1.16E-01	1.04E+00
5.41	-2.89E-01	1.05E+00
5.415	-5.01E-01	1.08E+00
5.42	-7.46E-01	1.13E+00
5.425	-1.01E+00	1.17E+00
5.43	-1.28E+00	1.19E+00
5.435	-1.53E+00	1.20E+00
5.44	-1.74E+00	1.20E+00
5.445	-1.89E+00	1.21E+00
5.45	-1.98E+00	1.23E+00
5.455	-2.02E+00	1.22E+00
5.46	-2.03E+00	1.19E+00
5.465	-2.02E+00	1.11E+00
5.47	-1.99E+00	9.95E-01
5.475	-1.95E+00	8.67E-01
5.48	-1.89E+00	7.51E-01
5.485	-1.81E+00	6.63E-01
5.49	-1.73E+00	6.06E-01
5.495	-1.66E+00	5.71E-01
5.5	-1.64E+00	5.46E-01
5.505	-1.67E+00	5.18E-01
5.51	-1.77E+00	4.85E-01
5.515	-1.91E+00	4.45E-01
5.52	-2.07E+00	3.96E-01
5.525	-2.22E+00	3.37E-01
5.53	-2.36E+00	2.69E-01
5.535	-2.50E+00	2.10E-01
5.54	-2.64E+00	1.95E-01
5.545	-2.78E+00	2.72E-01
5.55	-2.91E+00	4.85E-01
5.555	-2.98E+00	8.46E-01
5.56	-2.93E+00	1.32E+00
5.565	-2.72E+00	1.82E+00
5.57	-2.34E+00	2.24E+00
5.575	-1.82E+00	2.46E+00
5.58	-1.24E+00	2.42E+00
5.585	-7.04E-01	2.13E+00
5.59	-2.93E-01	1.67E+00
5.595	-5.43E-02	1.17E+00
5.6	2.11E-02	7.43E-01
5.605	-1.37E-02	4.85E-01
5.61	-8.33E-02	4.17E-01
5.615	-1.21E-01	5.07E-01
5.62	-9.11E-02	6.91E-01
5.625	-9.70E-04	9.02E-01
5.63	1.11E-01	1.09E+00
5.635	1.94E-01	1.25E+00
5.64	2.07E-01	1.37E+00
5.645	1.36E-01	1.46E+00
5.65	-6.64E-03	1.52E+00
5.655	-1.85E-01	1.51E+00
5.66	-3.58E-01	1.43E+00
5.665	-4.91E-01	1.25E+00
5.67	-5.67E-01	9.87E-01
5.675	-5.84E-01	6.67E-01
5.68	-5.53E-01	3.30E-01
5.685	-4.91E-01	1.50E-02
5.69	-4.15E-01	-2.57E-01
5.695	-3.38E-01	-4.83E-01
5.7	-2.69E-01	-6.78E-01
5.705	-2.12E-01	-8.60E-01
5.71	-1.69E-01	-1.04E+00
5.715	-1.37E-01	-1.23E+00
5.72	-1.12E-01	-1.43E+00
5.725	-9.17E-02	-1.62E+00
5.73	-7.33E-02	-1.81E+00
5.735	-5.69E-02	-2.00E+00
5.74	-4.39E-02	-2.20E+00
5.745	-3.52E-02	-2.42E+00
5.75	-2.90E-02	-2.65E+00
5.755	-1.96E-02	-2.89E+00
5.76	2.49E-03	-3.11E+00
5.765	4.70E-02	-3.32E+00
5.77	1.21E-01	-3.49E+00
5.775	2.26E-01	-3.63E+00
5.78	3.55E-01	-3.74E+00
5.785	5.01E-01	-3.80E+00
5.79	6.49E-01	-3.80E+00
5.795	7.90E-01	-3.74E+00
5.8	9.14E-01	-3.61E+00
5.805	1.01E+00	-3.43E+00
5.81	1.07E+00	-3.23E+00
5.815	1.07E+00	-3.03E+00
5.82	1.02E+00	-2.86E+00
5.825	8.94E-01	-2.75E+00
5.83	7.14E-01	-2.69E+00
5.835	5.04E-01	-2.66E+00
5.84	3.00E-01	-2.65E+00
5.845	1.44E-01	-2.63E+00
5.85	6.85E-02	-2.60E+00
5.855	8.61E-02	-2.57E+00
5.86	1.88E-01	-2.54E+00
5.865	3.47E-01	-2.53E+00
5.87	5.32E-01	-2.53E+00
5.875	7.20E-01	-2.54E+00
5.88	8.99E-01	-2.56E+00
5.885	1.08E+00	-2.57E+00
5.89	1.26E+00	-2.57E+00
5.895	1.47E+00	-2.57E+00
5.9	1.70E+00	-2.57E+00
5.905	1.93E+00	-2.58E+00
5.91	2.14E+00	-2.57E+00
5.915	2.33E+00	-2.55E+00
5.92	2.48E+00	-2.51E+00
5.925	2.62E+00	-2.45E+00
5.93	2.77E+00	-2.36E+00
5.935	2.95E+00	-2.27E+00
5.94	3.17E+00	-2.16E+00
5.945	3.42E+00	-2.06E+00
5.95	3.69E+00	-1.96E+00
5.955	3.94E+00	-1.88E+00
5.96	4.16E+00	-1.80E+00
5.965	4.35E+00	-1.75E+00
5.97	4.51E+00	-1.72E+00
5.975	4.67E+00	-1.70E+00
5.98	4.82E+00	-1.69E+00
5.985	4.97E+00	-1.67E+00
5.99	5.10E+00	-1.62E+00
5.995	5.21E+00	-1.55E+00
6	5.27E+00	-1.46E+00
6.005	5.30E+00	-1.34E+00
6.01	5.30E+00	-1.22E+00
6.015	5.26E+00	-1.08E+00
6.02	5.21E+00	-9.46E-01
6.025	5.12E+00	-8.19E-01
6.03	4.99E+00	-7.19E-01
6.035	4.80E+00	-6.64E-01
6.04	4.54E+00	-6.72E-01
6.045	4.20E+00	-7.46E-01
6.05	3.78E+00	-8.69E-01
6.055	3.30E+00	-1.01E+00
6.06	2.77E+00	-1.12E+00
6.065	2.22E+00	-1.20E+00
6.07	1.68E+00	-1.24E+00
6.075	1.19E+00	-1.29E+00
6.08	7.96E-01	-1.39E+00
6.085	5.18E-01	-1.58E+00
6.09	3.54E-01	-1.85E+00
6.095	2.70E-01	-2.13E+00
6.1	2.08E-01	-2.33E+00
6.105	1.04E-01	-2.35E+00
6.11	-8.80E-02	-2.15E+00
6.115	-3.79E-01	-1.74E+00
6.12	-7.36E-01	-1.18E+00
6.125	-1.10E+00	-6.09E-01
6.13	-1.41E+00	-1.14E-01
6.135	-1.63E+00	2.40E-01
6.14	-1.74E+00	4.51E-01
6.145	-1.78E+00	5.62E-01
6.15	-1.80E+00	6.25E-01
6.155	-1.83E+00	6.70E-01
6.16	-1.88E+00	6.87E-01
6.165	-1.94E+00	6.40E-01
6.17	-1.96E+00	4.87E-01
6.175	-1.92E+00	2.17E-01
6.18	-1.79E+00	-1.41E-01
6.185	-1.59E+00	-5.24E-01
6.19	-1.36E+00	-8.56E-01
6.195	-1.15E+00	-1.09E+00
6.2	-9.81E-01	-1.21E+00
6.205	-8.66E-01	-1.24E+00
6.21	-7.83E-01	-1.24E+00
6.215	-6.96E-01	-1.24E+00
6.22	-5.73E-01	-1.27E+00
6.225	-3.98E-01	-1.30E+00
6.23	-1.77E-01	-1.34E+00
6.235	6.22E-02	-1.34E+00
6.24	2.85E-01	-1.32E+00
6.245	4.57E-01	-1.30E+00
6.25	5.57E-01	-1.29E+00
6.255	5.79E-01	-1.31E+00
6.26	5.32E-01	-1.36E+00
6.265	4.37E-01	-1.40E+00
6.27	3.21E-01	-1.39E+00
6.275	2.14E-01	-1.32E+00
6.28	1.41E-01	-1.17E+00
6.285	1.23E-01	-9.82E-01
6.29	1.68E-01	-7.90E-01
6.295	2.71E-01	-6.36E-01
6.3	4.11E-01	-5.43E-01
6.305	5.57E-01	-5.13E-01
6.31	6.77E-01	-5.26E-01
6.315	7.42E-01	-5.57E-01
6.32	7.41E-01	-5.79E-01
6.325	6.79E-01	-5.72E-01
6.33	5.79E-01	-5.25E-01
6.335	4.75E-01	-4.32E-01
6.34	3.99E-01	-2.92E-01
6.345	3.72E-01	-1.11E-01
6.35	4.00E-01	9.68E-02
6.355	4.74E-01	3.10E-01
6.36	5.76E-01	5.01E-01
6.365	6.89E-01	6.44E-01
6.37	8.01E-01	7.24E-01
6.375	9.06E-01	7.45E-01
6.38	1.01E+00	7.26E-01
6.385	1.10E+00	6.94E-01
6.39	1.17E+00	6.74E-01
6.395	1.22E+00	6.78E-01
6.4	1.23E+00	7.00E-01
6.405	1.22E+00	7.26E-01
6.41	1.18E+00	7.43E-01
6.415	1.16E+00	7.48E-01
6.42	1.18E+00	7.52E-01
6.425	1.26E+00	7.77E-01
6.43	1.40E+00	8.36E-01
6.435	1.55E+00	9.28E-01
6.44	1.65E+00	1.02E+00
6.445	1.63E+00	1.08E+00
6.45	1.47E+00	1.04E+00
6.455	1.16E+00	8.62E-01
6.46	7.45E-01	5.56E-01
6.465	2.97E-01	1.55E-01
6.47	-1.12E-01	-2.75E-01
6.475	-4.32E-01	-6.57E-01
6.48	-6.50E-01	-9.31E-01
6.485	-7.88E-01	-1.07E+00
6.49	-8.90E-01	-1.09E+00
6.495	-9.95E-01	-1.02E+00
6.5	-1.13E+00	-9.38E-01
6.505	-1.28E+00	-8.79E-01
6.51	-1.44E+00	-8.68E-01
6.515	-1.56E+00	-8.98E-01
6.52	-1.64E+00	-9.36E-01
6.525	-1.67E+00	-9.42E-01
6.53	-1.65E+00	-8.84E-01
6.535	-1.62E+00	-7.50E-01
6.54	-1.58E+00	-5.56E-01
6.545	-1.55E+00	-3.36E-01
6.55	-1.53E+00	-1.30E-01
6.555	-1.52E+00	2.86E-02
6.56	-1.53E+00	1.24E-01
6.565	-1.56E+00	1.60E-01
6.57	-1.62E+00	1.54E-01
6.575	-1.73E+00	1.28E-01
6.58	-1.88E+00	9.73E-02
6.585	-2.07E+00	6.48E-02
6.59	-2.30E+00	2.45E-02
6.595	-2.55E+00	-3.19E-02
6.6	-2.80E+00	-1.04E-01
6.605	-3.06E+00	-1.79E-01
6.61	-3.31E+00	-2.30E-01
6.615	-3.55E+00	-2.28E-01
6.62	-3.77E+00	-1.54E-01
6.625	-3.98E+00	-1.04E-02
6.63	-4.16E+00	1.76E-01
6.635	-4.32E+00	3.62E-01
6.64	-4.43E+00	5.09E-01
6.645	-4.48E+00	5.92E-01
6.65	-4.46E+00	6.19E-01
6.655	-4.35E+00	6.23E-01
6.66	-4.13E+00	6.55E-01
6.665	-3.81E+00	7.58E-01
6.67	-3.41E+00	9.51E-01
6.675	-2.95E+00	1.22E+00
6.68	-2.44E+00	1.52E+00
6.685	-1.92E+00	1.80E+00
6.69	-1.41E+00	2.00E+00
6.695	-9.06E-01	2.08E+00
6.7	-4.30E-01	2.02E+00
6.705	9.33E-03	1.83E+00
6.71	4.03E-01	1.55E+00
6.715	7.42E-01	1.23E+00
6.72	1.02E+00	9.17E-01
6.725	1.26E+00	6.69E-01
6.73	1.47E+00	5.24E-01
6.735	1.68E+00	4.93E-01
6.74	1.90E+00	5.51E-01
6.745	2.12E+00	6.37E-01
6.75	2.34E+00	6.65E-01
6.755	2.51E+00	5.53E-01
6.76	2.59E+00	2.51E-01
6.765	2.54E+00	-2.33E-01
6.77	2.35E+00	-8.25E-01
6.775	2.04E+00	-1.40E+00
6.78	1.65E+00	-1.84E+00
6.785	1.24E+00	-2.01E+00
6.79	8.57E-01	-1.90E+00
6.795	5.46E-01	-1.53E+00
6.8	3.29E-01	-1.01E+00
6.805	2.03E-01	-4.54E-01
6.81	1.48E-01	2.22E-02
6.815	1.27E-01	3.54E-01
6.82	9.57E-02	5.32E-01
6.825	1.77E-02	5.94E-01
6.83	-1.31E-01	5.95E-01
6.835	-3.54E-01	5.86E-01
6.84	-6.30E-01	5.90E-01
6.845	-9.25E-01	6.07E-01
6.85	-1.20E+00	6.22E-01
6.855	-1.42E+00	6.26E-01
6.86	-1.58E+00	6.28E-01
6.865	-1.68E+00	6.60E-01
6.87	-1.74E+00	7.64E-01
6.875	-1.78E+00	9.74E-01
6.88	-1.80E+00	1.30E+00
6.885	-1.78E+00	1.70E+00
6.89	-1.70E+00	2.13E+00
6.895	-1.54E+00	2.48E+00
6.9	-1.28E+00	2.69E+00
6.905	-9.52E-01	2.70E+00
6.91	-5.96E-01	2.51E+00
6.915	-2.62E-01	2.16E+00
6.92	8.05E-03	1.73E+00
6.925	1.93E-01	1.30E+00
6.93	2.98E-01	9.24E-01
6.935	3.45E-01	6.14E-01
6.94	3.57E-01	3.47E-01
6.945	3.48E-01	7.23E-02
6.95	3.19E-01	-2.62E-01
6.955	2.60E-01	-6.82E-01
6.96	1.60E-01	-1.17E+00
6.965	2.02E-02	-1.68E+00
6.97	-1.43E-01	-2.14E+00
6.975	-3.07E-01	-2.48E+00
6.98	-4.48E-01	-2.66E+00
6.985	-5.57E-01	-2.68E+00
6.99	-6.42E-01	-2.56E+00
6.995	-7.23E-01	-2.37E+00
7	-8.22E-01	-2.15E+00
7.005	-9.49E-01	-1.94E+00
7.01	-1.10E+00	-1.77E+00
7.015	-1.26E+00	-1.65E+00
7.02	-1.40E+00	-1.56E+00
7.025	-1.51E+00	-1.51E+00
7.03	-1.59E+00	-1.48E+00
7.035	-1.64E+00	-1.44E+00
7.04	-1.69E+00	-1.36E+00
7.045	-1.76E+00	-1.20E+00
7.05	-1.87E+00	-9.20E-01
7.055	-2.00E+00	-5.02E-01
7.06	-2.12E+00	4.06E-02
7.065	-2.21E+00	6.64E-01
7.07	-2.21E+00	1.30E+00
7.075	-2.09E+00	1.87E+00
7.08	-1.85E+00	2.33E+00
7.085	-1.49E+00	2.65E+00
7.09	-1.05E+00	2.83E+00
7.095	-5.85E-01	2.91E+00
7.1	-1.48E-01	2.93E+00
7.105	2.16E-01	2.92E+00
7.11	4.88E-01	2.90E+00
7.115	6.84E-01	2.87E+00
7.12	8.43E-01	2.83E+00
7.125	1.01E+00	2.79E+00
7.13	1.20E+00	2.73E+00
7.135	1.40E+00	2.64E+00
7.14	1.55E+00	2.52E+00
7.145	1.58E+00	2.36E+00
7.15	1.42E+00	2.13E+00
7.155	1.05E+00	1.83E+00
7.16	5.02E-01	1.45E+00
7.165	-1.38E-01	1.00E+00
7.17	-7.67E-01	5.14E-01
7.175	-1.29E+00	1.51E-02
7.18	-1.65E+00	-4.62E-01
7.185	-1.85E+00	-8.87E-01
7.19	-1.93E+00	-1.23E+00
7.195	-1.93E+00	-1.49E+00
7.2	-1.89E+00	-1.64E+00
7.205	-1.80E+00	-1.69E+00
7.21	-1.66E+00	-1.67E+00
7.215	-1.44E+00	-1.61E+00
7.22	-1.16E+00	-1.53E+00
7.225	-8.21E-01	-1.48E+00
7.23	-4.85E-01	-1.47E+00
7.235	-1.85E-01	-1.48E+00
7.24	5.99E-02	-1.47E+00
7.245	2.64E-01	-1.40E+00
7.25	4.58E-01	-1.23E+00
7.255	6.71E-01	-9.62E-01
7.26	9.07E-01	-6.07E-01
7.265	1.14E+00	-2.04E-01
7.27	1.33E+00	2.03E-01
7.275	1.43E+00	5.80E-01
7.28	1.44E+00	9.14E-01
7.285	1.40E+00	1.20E+00
7.29	1.37E+00	1.43E+00
7.295	1.40E+00	1.58E+00
7.3	1.50E+00	1.62E+00
7.305	1.64E+00	1.51E+00
7.31	1.73E+00	1.22E+00
7.315	1.67E+00	7.69E-01
7.32	1.39E+00	2.20E-01
7.325	9.19E-01	-3.33E-01
7.33	3.22E-01	-7.91E-01
7.335	-2.71E-01	-1.08E+00
7.34	-7.35E-01	-1.17E+00
7.345	-9.93E-01	-1.10E+00
7.35	-1.04E+00	-9.28E-01
7.355	-9.50E-01	-7.35E-01
7.36	-8.14E-01	-5.76E-01
7.365	-7.25E-01	-4.76E-01
7.37	-7.26E-01	-4.27E-01
7.375	-8.03E-01	-4.02E-01
7.38	-8.97E-01	-3.73E-01
7.385	-9.35E-01	-3.27E-01
7.39	-8.62E-01	-2.65E-01
7.395	-6.66E-01	-1.99E-01
7.4	-3.70E-01	-1.41E-01
7.405	-2.64E-02	-9.60E-02
7.41	3.11E-01	-6.18E-02
7.415	6.02E-01	-3.39E-02
7.42	8.28E-01	-9.10E-03
7.425	9.88E-01	1.14E-02
7.43	1.09E+00	2.33E-02
7.435	1.16E+00	2.30E-02
7.44	1.19E+00	9.64E-03
7.445	1.22E+00	-1.40E-02
7.45	1.25E+00	-4.36E-02
7.455	1.29E+00	-7.51E-02
7.46	1.37E+00	-1.04E-01
7.465	1.47E+00	-1.23E-01
7.47	1.60E+00	-1.21E-01
7.475	1.73E+00	-8.30E-02
7.48	1.85E+00	4.60E-03
7.485	1.97E+00	1.45E-01
7.49	2.09E+00	3.26E-01
7.495	2.21E+00	5.26E-01
7.5	2.36E+00	7.18E-01
7.505	2.50E+00	8.82E-01
7.51	2.62E+00	1.02E+00
7.515	2.66E+00	1.14E+00
7.52	2.58E+00	1.25E+00
7.525	2.37E+00	1.35E+00
7.53	2.04E+00	1.40E+00
7.535	1.65E+00	1.34E+00
7.54	1.24E+00	1.10E+00
7.545	8.86E-01	6.63E-01
7.55	6.00E-01	3.52E-02
7.555	3.81E-01	-6.94E-01
7.56	1.98E-01	-1.39E+00
7.565	1.78E-02	-1.92E+00
7.57	-1.82E-01	-2.16E+00
7.575	-4.00E-01	-2.06E+00
7.58	-6.11E-01	-1.67E+00
7.585	-7.82E-01	-1.05E+00
7.59	-8.87E-01	-3.35E-01
7.595	-9.17E-01	3.77E-01
7.6	-8.87E-01	1.00E+00
7.605	-8.26E-01	1.49E+00
7.61	-7.64E-01	1.82E+00
7.615	-7.22E-01	1.99E+00
7.62	-7.02E-01	2.01E+00
7.625	-6.91E-01	1.90E+00
7.63	-6.66E-01	1.71E+00
7.635	-6.03E-01	1.48E+00
7.64	-4.87E-01	1.25E+00
7.645	-3.14E-01	1.09E+00
7.65	-9.31E-02	9.81E-01
7.655	1.56E-01	9.24E-01
7.66	4.10E-01	8.76E-01
7.665	6.44E-01	7.94E-01
7.67	8.37E-01	6.51E-01
7.675	9.77E-01	4.47E-01
7.68	1.06E+00	2.10E-01
7.685	1.09E+00	-1.83E-02
7.69	1.07E+00	-2.03E-01
7.695	1.02E+00	-3.24E-01
7.7	9.33E-01	-3.86E-01
7.705	8.21E-01	-4.04E-01
7.71	6.83E-01	-3.95E-01
7.715	5.26E-01	-3.70E-01
7.72	3.61E-01	-3.29E-01
7.725	2.05E-01	-2.72E-01
7.73	7.36E-02	-2.02E-01
7.735	-2.44E-02	-1.33E-01
7.74	-8.98E-02	-8.13E-02
7.745	-1.34E-01	-5.86E-02
7.75	-1.74E-01	-6.08E-02
7.755	-2.19E-01	-6.54E-02
7.76	-2.68E-01	-3.86E-02
7.765	-3.06E-01	5.03E-02
7.77	-3.07E-01	2.13E-01
7.775	-2.52E-01	4.36E-01
7.78	-1.31E-01	6.80E-01
7.785	4.15E-02	9.00E-01
7.79	2.37E-01	1.06E+00
7.795	4.18E-01	1.14E+00
7.8	5.55E-01	1.14E+00
7.805	6.31E-01	1.11E+00
7.81	6.50E-01	1.06E+00
7.815	6.27E-01	1.02E+00
7.82	5.81E-01	1.00E+00
7.825	5.24E-01	1.00E+00
7.83	4.57E-01	9.98E-01
7.835	3.73E-01	9.83E-01
7.84	2.62E-01	9.45E-01
7.845	1.18E-01	8.75E-01
7.85	-5.65E-02	7.69E-01
7.855	-2.50E-01	6.25E-01
7.86	-4.47E-01	4.44E-01
7.865	-6.35E-01	2.31E-01
7.87	-8.05E-01	7.89E-04
7.875	-9.54E-01	-2.24E-01
7.88	-1.08E+00	-4.17E-01
7.885	-1.20E+00	-5.58E-01
7.89	-1.29E+00	-6.39E-01
7.895	-1.37E+00	-6.66E-01
7.9	-1.43E+00	-6.59E-01
7.905	-1.48E+00	-6.49E-01
7.91	-1.51E+00	-6.60E-01
7.915	-1.52E+00	-7.10E-01
7.92	-1.51E+00	-8.05E-01
7.925	-1.48E+00	-9.38E-01
7.93	-1.43E+00	-1.10E+00
7.935	-1.36E+00	-1.26E+00
7.94	-1.27E+00	-1.42E+00
7.945	-1.16E+00	-1.57E+00
7.95	-1.04E+00	-1.70E+00
7.955	-9.08E-01	-1.80E+00
7.96	-7.67E-01	-1.85E+00
7.965	-6.16E-01	-1.83E+00
7.97	-4.57E-01	-1.73E+00
7.975	-2.91E-01	-1.52E+00
7.98	-1.28E-01	-1.22E+00
7.985	2.76E-02	-8.34E-01
7.99	1.72E-01	-4.06E-01
7.995	3.09E-01	1.40E-02
8	4.47E-01	3.75E-01
8.005	5.98E-01	6.35E-01
8.01	7.69E-01	7.70E-01
8.015	9.60E-01	7.80E-01
8.02	1.16E+00	6.85E-01
8.025	1.34E+00	5.13E-01
8.03	1.49E+00	2.96E-01
8.035	1.57E+00	5.96E-02
8.04	1.58E+00	-1.78E-01
8.045	1.51E+00	-4.02E-01
8.05	1.38E+00	-5.99E-01
8.055	1.20E+00	-7.54E-01
8.06	1.01E+00	-8.55E-01
8.065	8.35E-01	-9.00E-01
8.07	6.87E-01	-9.02E-01
8.075	5.80E-01	-8.88E-01
8.08	5.17E-01	-8.91E-01
8.085	4.92E-01	-9.37E-01
8.09	4.93E-01	-1.03E+00
8.095	5.06E-01	-1.14E+00
8.1	5.19E-01	-1.23E+00
8.105	5.23E-01	-1.24E+00
8.11	5.14E-01	-1.12E+00
8.115	4.95E-01	-8.78E-01
8.12	4.70E-01	-5.37E-01
8.125	4.45E-01	-1.59E-01
8.13	4.23E-01	1.89E-01
8.135	4.05E-01	4.54E-01
8.14	3.88E-01	6.10E-01
8.145	3.71E-01	6.70E-01
8.15	3.55E-01	6.65E-01
8.155	3.44E-01	6.36E-01
8.16	3.41E-01	6.12E-01
8.165	3.49E-01	6.02E-01
8.17	3.64E-01	5.97E-01
8.175	3.78E-01	5.77E-01
8.18	3.75E-01	5.22E-01
8.185	3.42E-01	4.21E-01
8.19	2.68E-01	2.72E-01
8.195	1.53E-01	8.40E-02
8.2	5.64E-03	-1.34E-01
8.205	-1.58E-01	-3.70E-01
8.21	-3.16E-01	-6.18E-01
8.215	-4.53E-01	-8.68E-01
8.22	-5.58E-01	-1.11E+00
8.225	-6.30E-01	-1.33E+00
8.23	-6.76E-01	-1.52E+00
8.235	-7.07E-01	-1.67E+00
8.24	-7.34E-01	-1.77E+00
8.245	-7.61E-01	-1.84E+00
8.25	-7.82E-01	-1.87E+00
8.255	-7.88E-01	-1.88E+00
8.26	-7.62E-01	-1.87E+00
8.265	-6.94E-01	-1.83E+00
8.27	-5.80E-01	-1.77E+00
8.275	-4.27E-01	-1.66E+00
8.28	-2.54E-01	-1.51E+00
8.285	-8.61E-02	-1.29E+00
8.29	5.29E-02	-1.00E+00
8.295	1.47E-01	-6.41E-01
8.3	1.94E-01	-2.21E-01
8.305	2.03E-01	2.34E-01
8.31	1.92E-01	6.86E-01
8.315	1.81E-01	1.09E+00
8.32	1.82E-01	1.41E+00
8.325	2.00E-01	1.61E+00
8.33	2.26E-01	1.70E+00
8.335	2.50E-01	1.70E+00
8.34	2.63E-01	1.65E+00
8.345	2.63E-01	1.59E+00
8.35	2.56E-01	1.53E+00
8.355	2.56E-01	1.48E+00
8.36	2.76E-01	1.44E+00
8.365	3.26E-01	1.40E+00
8.37	4.12E-01	1.33E+00
8.375	5.31E-01	1.26E+00
8.38	6.78E-01	1.20E+00
8.385	8.46E-01	1.16E+00
8.39	1.03E+00	1.14E+00
8.395	1.22E+00	1.14E+00
8.4	1.40E+00	1.11E+00
8.405	1.57E+00	1.02E+00
8.41	1.69E+00	8.37E-01
8.415	1.76E+00	5.68E-01
8.42	1.76E+00	2.51E-01
8.425	1.69E+00	-6.00E-02
8.43	1.57E+00	-3.05E-01
8.435	1.43E+00	-4.44E-01
8.44	1.30E+00	-4.69E-01
8.445	1.22E+00	-4.02E-01
8.45	1.19E+00	-2.85E-01
8.455	1.22E+00	-1.60E-01
8.46	1.30E+00	-5.73E-02
8.465	1.39E+00	9.57E-03
8.47	1.49E+00	4.28E-02
8.475	1.57E+00	5.16E-02
8.48	1.64E+00	4.42E-02
8.485	1.68E+00	2.49E-02
8.49	1.72E+00	-4.99E-03
8.495	1.76E+00	-4.37E-02
8.5	1.80E+00	-8.70E-02
8.505	1.85E+00	-1.29E-01
8.51	1.90E+00	-1.67E-01
8.515	1.93E+00	-2.01E-01
8.52	1.95E+00	-2.37E-01
8.525	1.95E+00	-2.81E-01
8.53	1.94E+00	-3.32E-01
8.535	1.93E+00	-3.84E-01
8.54	1.93E+00	-4.22E-01
8.545	1.94E+00	-4.39E-01
8.55	1.97E+00	-4.38E-01
8.555	2.00E+00	-4.40E-01
8.56	2.00E+00	-4.80E-01
8.565	1.95E+00	-5.93E-01
8.57	1.83E+00	-7.98E-01
8.575	1.63E+00	-1.09E+00
8.58	1.38E+00	-1.43E+00
8.585	1.09E+00	-1.77E+00
8.59	8.06E-01	-2.05E+00
8.595	5.47E-01	-2.25E+00
8.6	3.33E-01	-2.34E+00
8.605	1.70E-01	-2.35E+00
8.61	5.30E-02	-2.30E+00
8.615	-2.64E-02	-2.23E+00
8.62	-7.89E-02	-2.14E+00
8.625	-1.13E-01	-2.05E+00
8.63	-1.36E-01	-1.96E+00
8.635	-1.53E-01	-1.87E+00
8.64	-1.70E-01	-1.77E+00
8.645	-1.92E-01	-1.69E+00
8.65	-2.26E-01	-1.61E+00
8.655	-2.78E-01	-1.52E+00
8.66	-3.55E-01	-1.40E+00
8.665	-4.59E-01	-1.22E+00
8.67	-5.91E-01	-9.64E-01
8.675	-7.45E-01	-6.22E-01
8.68	-9.08E-01	-2.14E-01
8.685	-1.06E+00	2.22E-01
8.69	-1.18E+00	6.42E-01
8.695	-1.25E+00	1.00E+00
8.7	-1.26E+00	1.28E+00
8.705	-1.21E+00	1.47E+00
8.71	-1.13E+00	1.58E+00
8.715	-1.04E+00	1.63E+00
8.72	-9.52E-01	1.65E+00
8.725	-8.89E-01	1.66E+00
8.73	-8.50E-01	1.66E+00
8.735	-8.31E-01	1.67E+00
8.74	-8.29E-01	1.69E+00
8.745	-8.46E-01	1.71E+00
8.75	-8.88E-01	1.74E+00
8.755	-9.64E-01	1.76E+00
8.76	-1.07E+00	1.78E+00
8.765	-1.20E+00	1.80E+00
8.77	-1.34E+00	1.82E+00
8.775	-1.47E+00	1.84E+00
8.78	-1.57E+00	1.87E+00
8.785	-1.68E+00	1.90E+00
8.79	-1.79E+00	1.92E+00
8.795	-1.94E+00	1.92E+00
8.8	-2.13E+00	1.90E+00
8.805	-2.31E+00	1.86E+00
8.81	-2.47E+00	1.80E+00
8.815	-2.57E+00	1.74E+00
8.82	-2.59E+00	1.69E+00
8.825	-2.56E+00	1.63E+00
8.83	-2.54E+00	1.56E+00
8.835	-2.56E+00	1.45E+00
8.84	-2.65E+00	1.29E+00
8.845	-2.76E+00	1.06E+00
8.85	-2.80E+00	7.82E-01
8.855	-2.69E+00	4.90E-01
8.86	-2.34E+00	2.19E-01
8.865	-1.75E+00	-2.87E-04
8.87	-9.86E-01	-1.48E-01
8.875	-1.78E-01	-2.22E-01
8.88	5.43E-01	-2.33E-01
8.885	1.08E+00	-2.01E-01
8.89	1.41E+00	-1.44E-01
8.895	1.56E+00	-7.77E-02
8.9	1.62E+00	-1.18E-02
8.905	1.66E+00	4.91E-02
8.91	1.73E+00	1.07E-01
8.915	1.81E+00	1.70E-01
8.92	1.88E+00	2.50E-01
8.925	1.88E+00	3.60E-01
8.93	1.81E+00	5.01E-01
8.935	1.67E+00	6.57E-01
8.94	1.52E+00	7.93E-01
8.945	1.38E+00	8.60E-01
8.95	1.29E+00	8.11E-01
8.955	1.24E+00	6.21E-01
8.96	1.19E+00	3.05E-01
8.965	1.10E+00	-8.74E-02
8.97	9.51E-01	-4.79E-01
8.975	7.29E-01	-7.93E-01
8.98	4.62E-01	-9.81E-01
8.985	1.86E-01	-1.04E+00
8.99	-6.82E-02	-9.90E-01
8.995	-2.81E-01	-9.05E-01
9	-4.51E-01	-8.36E-01
9.005	-5.91E-01	-8.18E-01
9.01	-7.08E-01	-8.53E-01
9.015	-8.06E-01	-9.14E-01
9.02	-8.74E-01	-9.59E-01
9.025	-8.94E-01	-9.50E-01
9.03	-8.49E-01	-8.63E-01
9.035	-7.30E-01	-6.89E-01
9.04	-5.43E-01	-4.31E-01
9.045	-3.07E-01	-9.84E-02
9.05	-5.20E-02	2.94E-01
9.055	1.88E-01	7.23E-01
9.06	3.81E-01	1.15E+00
9.065	5.00E-01	1.53E+00
9.07	5.29E-01	1.81E+00
9.075	4.63E-01	1.94E+00
9.08	3.07E-01	1.91E+00
9.085	7.59E-02	1.74E+00
9.09	-2.06E-01	1.46E+00
9.095	-5.13E-01	1.15E+00
9.1	-8.17E-01	8.48E-01
9.105	-1.10E+00	6.08E-01
9.11	-1.33E+00	4.43E-01
9.115	-1.52E+00	3.51E-01
9.12	-1.67E+00	3.17E-01
9.125	-1.80E+00	3.22E-01
9.13	-1.92E+00	3.49E-01
9.135	-2.05E+00	3.84E-01
9.14	-2.19E+00	4.10E-01
9.145	-2.34E+00	4.14E-01
9.15	-2.50E+00	3.84E-01
9.155	-2.64E+00	3.20E-01
9.16	-2.76E+00	2.28E-01
9.165	-2.87E+00	1.23E-01
9.17	-2.99E+00	1.42E-02
9.175	-3.12E+00	-9.86E-02
9.18	-3.27E+00	-2.33E-01
9.185	-3.40E+00	-4.14E-01
9.19	-3.46E+00	-6.63E-01
9.195	-3.41E+00	-9.80E-01
9.2	-3.20E+00	-1.34E+00
9.205	-2.82E+00	-1.69E+00
9.21	-2.32E+00	-1.97E+00
9.215	-1.76E+00	-2.15E+00
9.22	-1.23E+00	-2.22E+00
9.225	-7.97E-01	-2.21E+00
9.23	-4.84E-01	-2.17E+00
9.235	-2.78E-01	-2.14E+00
9.24	-1.31E-01	-2.13E+00
9.245	9.24E-03	-2.13E+00
9.25	1.82E-01	-2.10E+00
9.255	3.97E-01	-1.99E+00
9.26	6.34E-01	-1.77E+00
9.265	8.62E-01	-1.45E+00
9.27	1.05E+00	-1.06E+00
9.275	1.19E+00	-6.81E-01
9.28	1.28E+00	-3.55E-01
9.285	1.36E+00	-1.22E-01
9.29	1.43E+00	7.30E-03
9.295	1.52E+00	4.92E-02
9.3	1.62E+00	2.89E-02
9.305	1.72E+00	-2.97E-02
9.31	1.81E+00	-1.11E-01
9.315	1.85E+00	-2.09E-01
9.32	1.84E+00	-3.15E-01
9.325	1.77E+00	-4.20E-01
9.33	1.64E+00	-5.12E-01
9.335	1.46E+00	-5.75E-01
9.34	1.24E+00	-6.02E-01
9.345	9.85E-01	-5.95E-01
9.35	7.22E-01	-5.66E-01
9.355	4.71E-01	-5.26E-01
9.36	2.48E-01	-4.81E-01
9.365	6.11E-02	-4.28E-01
9.37	-9.12E-02	-3.54E-01
9.375	-2.20E-01	-2.49E-01
9.38	-3.37E-01	-1.11E-01
9.385	-4.51E-01	4.93E-02
9.39	-5.61E-01	2.10E-01
9.395	-6.60E-01	3.47E-01
9.4	-7.36E-01	4.48E-01
9.405	-7.81E-01	5.12E-01
9.41	-7.96E-01	5.56E-01
9.415	-7.87E-01	5.99E-01
9.42	-7.66E-01	6.55E-01
9.425	-7.43E-01	7.21E-01
9.43	-7.20E-01	7.76E-01
9.435	-6.94E-01	7.92E-01
9.44	-6.57E-01	7.42E-01
9.445	-6.02E-01	6.16E-01
9.45	-5.31E-01	4.24E-01
9.455	-4.50E-01	1.95E-01
9.46	-3.73E-01	-3.43E-02
9.465	-3.13E-01	-2.33E-01
9.47	-2.77E-01	-3.82E-01
9.475	-2.65E-01	-4.82E-01
9.48	-2.71E-01	-5.45E-01
9.485	-2.84E-01	-5.87E-01
9.49	-2.99E-01	-6.19E-01
9.495	-3.12E-01	-6.44E-01
9.5	-3.28E-01	-6.55E-01
9.505	-3.56E-01	-6.42E-01
9.51	-4.00E-01	-5.97E-01
9.515	-4.65E-01	-5.20E-01
9.52	-5.47E-01	-4.19E-01
9.525	-6.38E-01	-3.09E-01
9.53	-7.31E-01	-2.06E-01
9.535	-8.19E-01	-1.21E-01
9.54	-9.03E-01	-5.94E-02
9.545	-9.82E-01	-1.70E-02
9.55	-1.06E+00	1.29E-02
9.555	-1.14E+00	3.70E-02
9.56	-1.20E+00	5.82E-02
9.565	-1.26E+00	7.45E-02
9.57	-1.30E+00	8.25E-02
9.575	-1.31E+00	8.15E-02
9.58	-1.31E+00	7.75E-02
9.585	-1.30E+00	8.39E-02
9.59	-1.29E+00	1.18E-01
9.595	-1.29E+00	1.92E-01
9.6	-1.29E+00	3.11E-01
9.605	-1.26E+00	4.63E-01
9.61	-1.20E+00	6.27E-01
9.615	-1.07E+00	7.76E-01
9.62	-8.82E-01	8.93E-01
9.625	-6.37E-01	9.70E-01
9.63	-3.60E-01	1.01E+00
9.635	-8.35E-02	1.05E+00
9.64	1.62E-01	1.07E+00
9.645	3.55E-01	1.11E+00
9.65	4.92E-01	1.15E+00
9.655	5.80E-01	1.18E+00
9.66	6.40E-01	1.19E+00
9.665	6.90E-01	1.18E+00
9.67	7.42E-01	1.17E+00
9.675	7.97E-01	1.16E+00
9.68	8.48E-01	1.17E+00
9.685	8.82E-01	1.19E+00
9.69	8.90E-01	1.20E+00
9.695	8.71E-01	1.19E+00
9.7	8.34E-01	1.13E+00
9.705	7.96E-01	1.00E+00
9.71	7.73E-01	8.42E-01
9.715	7.75E-01	6.70E-01
9.72	7.99E-01	5.17E-01
9.725	8.29E-01	4.01E-01
9.73	8.40E-01	3.15E-01
9.735	8.06E-01	2.37E-01
9.74	7.08E-01	1.38E-01
9.745	5.44E-01	-1.19E-03
9.75	3.27E-01	-1.79E-01
9.755	7.99E-02	-3.74E-01
9.76	-1.66E-01	-5.57E-01
9.765	-3.85E-01	-7.03E-01
9.77	-5.60E-01	-8.02E-01
9.775	-6.85E-01	-8.63E-01
9.78	-7.61E-01	-9.01E-01
9.785	-7.98E-01	-9.27E-01
9.79	-8.04E-01	-9.38E-01
9.795	-7.90E-01	-9.17E-01
9.8	-7.61E-01	-8.41E-01
9.805	-7.22E-01	-6.99E-01
9.81	-6.74E-01	-4.95E-01
9.815	-6.15E-01	-2.59E-01
9.82	-5.43E-01	-3.02E-02
9.825	-4.53E-01	1.53E-01
9.83	-3.41E-01	2.70E-01
9.835	-2.08E-01	3.22E-01
9.84	-6.08E-02	3.31E-01
9.845	9.03E-02	3.24E-01
9.85	2.33E-01	3.24E-01
9.855	3.57E-01	3.38E-01
9.86	4.60E-01	3.60E-01
9.865	5.45E-01	3.77E-01
9.87	6.18E-01	3.78E-01
9.875	6.82E-01	3.58E-01
9.88	7.30E-01	3.22E-01
9.885	7.48E-01	2.79E-01
9.89	7.16E-01	2.33E-01
9.895	6.16E-01	1.87E-01
9.9	4.47E-01	1.36E-01
9.905	2.22E-01	7.51E-02
9.91	-2.94E-02	4.73E-03
9.915	-2.70E-01	-6.86E-02
9.92	-4.68E-01	-1.34E-01
9.925	-6.05E-01	-1.84E-01
9.93	-6.80E-01	-2.14E-01
9.935	-7.04E-01	-2.33E-01
9.94	-6.96E-01	-2.55E-01
9.945	-6.70E-01	-2.95E-01
9.95	-6.34E-01	-3.62E-01
9.955	-5.89E-01	-4.57E-01
9.96	-5.31E-01	-5.66E-01
9.965	-4.64E-01	-6.73E-01
9.97	-3.93E-01	-7.60E-01
9.975	-3.31E-01	-8.18E-01
9.98	-2.92E-01	-8.47E-01
9.985	-2.79E-01	-8.57E-01
9.99	-2.90E-01	-8.62E-01
9.995	-3.10E-01	-8.73E-01
10	-3.23E-01	-8.92E-01
10.005	-3.13E-01	-9.10E-01
10.01	-2.73E-01	-9.10E-01
10.015	-2.04E-01	-8.71E-01
10.02	-1.17E-01	-7.74E-01
10.025	-2.50E-02	-6.15E-01
10.03	5.78E-02	-4.00E-01
10.035	1.21E-01	-1.52E-01
10.04	1.59E-01	9.92E-02
10.045	1.68E-01	3.24E-01
10.05	1.47E-01	4.99E-01
10.055	9.81E-02	6.15E-01
10.06	2.52E-02	6.75E-01
10.065	-6.62E-02	6.92E-01
10.07	-1.69E-01	6.81E-01
10.075	-2.78E-01	6.52E-01
10.08	-3.88E-01	6.10E-01
10.085	-4.97E-01	5.52E-01
10.09	-6.04E-01	4.71E-01
10.095	-7.07E-01	3.67E-01
10.1	-8.00E-01	2.42E-01
10.105	-8.72E-01	1.09E-01
10.11	-9.10E-01	-1.66E-02
10.115	-9.04E-01	-1.20E-01
10.12	-8.52E-01	-1.94E-01
10.125	-7.58E-01	-2.41E-01
10.13	-6.37E-01	-2.72E-01
10.135	-5.04E-01	-3.01E-01
10.14	-3.73E-01	-3.38E-01
10.145	-2.51E-01	-3.87E-01
10.15	-1.34E-01	-4.36E-01
10.155	-1.68E-02	-4.66E-01
10.16	1.08E-01	-4.58E-01
10.165	2.44E-01	-3.94E-01
10.17	3.85E-01	-2.73E-01
10.175	5.22E-01	-1.04E-01
10.18	6.47E-01	8.93E-02
10.185	7.55E-01	2.78E-01
10.19	8.47E-01	4.38E-01
10.195	9.28E-01	5.54E-01
10.2	1.01E+00	6.27E-01
10.205	1.09E+00	6.66E-01
10.21	1.17E+00	6.84E-01
10.215	1.24E+00	6.96E-01
10.22	1.30E+00	7.06E-01
10.225	1.34E+00	7.12E-01
10.23	1.36E+00	7.07E-01
10.235	1.37E+00	6.84E-01
10.24	1.36E+00	6.38E-01
10.245	1.36E+00	5.72E-01
10.25	1.36E+00	4.95E-01
10.255	1.36E+00	4.17E-01
10.26	1.36E+00	3.46E-01
10.265	1.34E+00	2.85E-01
10.27	1.33E+00	2.34E-01
10.275	1.30E+00	1.88E-01
10.28	1.28E+00	1.43E-01
10.285	1.26E+00	9.71E-02
10.29	1.24E+00	4.96E-02
10.295	1.21E+00	3.03E-03
10.3	1.18E+00	-4.02E-02
10.305	1.14E+00	-7.88E-02
10.31	1.10E+00	-1.14E-01
10.315	1.05E+00	-1.47E-01
10.32	9.91E-01	-1.82E-01
10.325	9.28E-01	-2.22E-01
10.33	8.54E-01	-2.67E-01
10.335	7.62E-01	-3.17E-01
10.34	6.47E-01	-3.70E-01
10.345	5.10E-01	-4.23E-01
10.35	3.56E-01	-4.72E-01
10.355	2.01E-01	-5.15E-01
10.36	5.92E-02	-5.52E-01
10.365	-5.29E-02	-5.84E-01
10.37	-1.25E-01	-6.13E-01
10.375	-1.53E-01	-6.38E-01
10.38	-1.38E-01	-6.58E-01
10.385	-8.68E-02	-6.68E-01
10.39	-7.15E-03	-6.59E-01
10.395	8.97E-02	-6.26E-01
10.4	1.92E-01	-5.66E-01
10.405	2.85E-01	-4.84E-01
10.41	3.57E-01	-3.90E-01
10.415	3.94E-01	-2.99E-01
10.42	3.88E-01	-2.25E-01
10.425	3.35E-01	-1.77E-01
10.43	2.35E-01	-1.59E-01
10.435	9.49E-02	-1.64E-01
10.44	-7.67E-02	-1.84E-01
10.445	-2.68E-01	-2.09E-01
10.45	-4.64E-01	-2.32E-01
10.455	-6.50E-01	-2.48E-01
10.46	-8.10E-01	-2.59E-01
10.465	-9.25E-01	-2.65E-01
10.47	-9.81E-01	-2.66E-01
10.475	-9.70E-01	-2.59E-01
10.48	-8.88E-01	-2.41E-01
10.485	-7.44E-01	-2.11E-01
10.49	-5.52E-01	-1.69E-01
10.495	-3.31E-01	-1.21E-01
10.5	-1.02E-01	-7.48E-02
10.505	1.18E-01	-3.98E-02
10.51	3.17E-01	-2.09E-02
10.515	4.89E-01	-1.82E-02
10.52	6.31E-01	-2.68E-02
10.525	7.46E-01	-3.91E-02
10.53	8.38E-01	-4.79E-02
10.535	9.08E-01	-4.95E-02
10.54	9.59E-01	-4.48E-02
10.545	9.93E-01	-3.85E-02
10.55	1.01E+00	-3.60E-02
10.555	1.02E+00	-4.11E-02
10.56	1.01E+00	-5.35E-02
10.565	1.01E+00	-6.96E-02
10.57	1.00E+00	-8.44E-02
10.575	1.01E+00	-9.37E-02
10.58	1.03E+00	-9.67E-02
10.585	1.07E+00	-9.63E-02
10.59	1.11E+00	-9.72E-02
10.595	1.16E+00	-1.04E-01
10.6	1.22E+00	-1.20E-01
10.605	1.27E+00	-1.44E-01
10.61	1.32E+00	-1.74E-01
10.615	1.36E+00	-2.10E-01
10.62	1.38E+00	-2.50E-01
10.625	1.38E+00	-2.97E-01
10.63	1.35E+00	-3.52E-01
10.635	1.28E+00	-4.13E-01
10.64	1.17E+00	-4.71E-01
10.645	1.01E+00	-5.15E-01
10.65	8.23E-01	-5.30E-01
10.655	6.23E-01	-5.07E-01
10.66	4.31E-01	-4.45E-01
10.665	2.67E-01	-3.53E-01
10.67	1.46E-01	-2.47E-01
10.675	7.03E-02	-1.46E-01
10.68	3.63E-02	-6.75E-02
10.685	3.35E-02	-1.78E-02
10.69	4.92E-02	3.90E-03
10.695	7.14E-02	5.25E-03
10.7	9.06E-02	-4.21E-03
10.705	1.01E-01	-1.70E-02
10.71	9.92E-02	-2.92E-02
10.715	8.49E-02	-3.96E-02
10.72	5.84E-02	-4.72E-02
10.725	2.09E-02	-4.91E-02
10.73	-2.66E-02	-4.07E-02
10.735	-8.38E-02	-1.70E-02
10.74	-1.51E-01	2.42E-02
10.745	-2.29E-01	8.10E-02
10.75	-3.17E-01	1.47E-01
10.755	-4.15E-01	2.14E-01
10.76	-5.19E-01	2.76E-01
10.765	-6.22E-01	3.28E-01
10.77	-7.18E-01	3.70E-01
10.775	-8.02E-01	4.04E-01
10.78	-8.71E-01	4.31E-01
10.785	-9.26E-01	4.50E-01
10.79	-9.70E-01	4.60E-01
10.795	-1.00E+00	4.63E-01
10.8	-1.03E+00	4.61E-01
10.805	-1.04E+00	4.63E-01
10.81	-1.02E+00	4.79E-01
10.815	-9.82E-01	5.18E-01
10.82	-9.07E-01	5.86E-01
10.825	-8.02E-01	6.79E-01
10.83	-6.77E-01	7.89E-01
10.835	-5.44E-01	9.06E-01
10.84	-4.15E-01	1.02E+00
10.845	-2.99E-01	1.11E+00
10.85	-2.01E-01	1.19E+00
10.855	-1.19E-01	1.25E+00
10.86	-4.81E-02	1.29E+00
10.865	1.75E-02	1.33E+00
10.87	8.32E-02	1.35E+00
10.875	1.52E-01	1.38E+00
10.88	2.25E-01	1.40E+00
10.885	3.00E-01	1.42E+00
10.89	3.76E-01	1.44E+00
10.895	4.47E-01	1.45E+00
10.9	5.08E-01	1.46E+00
10.905	5.52E-01	1.46E+00
10.91	5.73E-01	1.44E+00
10.915	5.64E-01	1.43E+00
10.92	5.24E-01	1.42E+00
10.925	4.53E-01	1.41E+00
10.93	3.53E-01	1.41E+00
10.935	2.29E-01	1.41E+00
10.94	8.72E-02	1.37E+00
10.945	-6.41E-02	1.31E+00
10.95	-2.18E-01	1.19E+00
10.955	-3.67E-01	1.03E+00
10.96	-5.06E-01	8.45E-01
10.965	-6.28E-01	6.58E-01
10.97	-7.31E-01	4.94E-01
10.975	-8.13E-01	3.67E-01
10.98	-8.74E-01	2.79E-01
10.985	-9.13E-01	2.20E-01
10.99	-9.31E-01	1.73E-01
10.995	-9.26E-01	1.24E-01
11	-8.98E-01	6.35E-02
11.005	-8.47E-01	-7.10E-03
11.01	-7.78E-01	-8.20E-02
11.015	-6.95E-01	-1.54E-01
11.02	-6.08E-01	-2.17E-01
11.025	-5.23E-01	-2.73E-01
11.03	-4.49E-01	-3.25E-01
11.035	-3.87E-01	-3.74E-01
11.04	-3.39E-01	-4.23E-01
11.045	-3.02E-01	-4.67E-01
11.05	-2.74E-01	-5.00E-01
11.055	-2.53E-01	-5.18E-01
11.06	-2.37E-01	-5.19E-01
11.065	-2.25E-01	-5.04E-01
11.07	-2.17E-01	-4.78E-01
11.075	-2.11E-01	-4.44E-01
11.08	-2.05E-01	-4.06E-01
11.085	-2.01E-01	-3.66E-01
11.09	-2.02E-01	-3.22E-01
11.095	-2.12E-01	-2.76E-01
11.1	-2.36E-01	-2.30E-01
11.105	-2.81E-01	-1.87E-01
11.11	-3.44E-01	-1.50E-01
11.115	-4.24E-01	-1.21E-01
11.12	-5.09E-01	-9.82E-02
11.125	-5.91E-01	-8.05E-02
11.13	-6.59E-01	-6.51E-02
11.135	-7.07E-01	-5.02E-02
11.14	-7.35E-01	-3.56E-02
11.145	-7.43E-01	-2.21E-02
11.15	-7.36E-01	-1.07E-02
11.155	-7.17E-01	-2.19E-03
11.16	-6.84E-01	2.98E-03
11.165	-6.36E-01	4.61E-03
11.17	-5.68E-01	2.59E-03
11.175	-4.80E-01	-2.37E-03
11.18	-3.71E-01	-7.58E-03
11.185	-2.47E-01	-7.42E-03
11.19	-1.11E-01	6.33E-03
11.195	2.87E-02	4.23E-02
11.2	1.70E-01	1.06E-01
11.205	3.12E-01	1.97E-01
11.21	4.55E-01	3.07E-01
11.215	6.00E-01	4.22E-01
11.22	7.45E-01	5.29E-01
11.225	8.87E-01	6.15E-01
11.23	1.02E+00	6.79E-01
11.235	1.13E+00	7.22E-01
11.24	1.23E+00	7.50E-01
11.245	1.30E+00	7.63E-01
11.25	1.36E+00	7.57E-01
11.255	1.40E+00	7.21E-01
11.26	1.42E+00	6.44E-01
11.265	1.44E+00	5.24E-01
11.27	1.45E+00	3.68E-01
11.275	1.45E+00	1.95E-01
11.28	1.45E+00	2.71E-02
11.285	1.44E+00	-1.17E-01
11.29	1.44E+00	-2.32E-01
11.295	1.44E+00	-3.29E-01
11.3	1.45E+00	-4.27E-01
11.305	1.45E+00	-5.45E-01
11.31	1.43E+00	-6.90E-01
11.315	1.39E+00	-8.55E-01
11.32	1.32E+00	-1.02E+00
11.325	1.21E+00	-1.16E+00
11.33	1.08E+00	-1.25E+00
11.335	9.32E-01	-1.30E+00
11.34	7.78E-01	-1.32E+00
11.345	6.25E-01	-1.33E+00
11.35	4.72E-01	-1.35E+00
11.355	3.17E-01	-1.37E+00
11.36	1.57E-01	-1.39E+00
11.365	-6.83E-03	-1.37E+00
11.37	-1.68E-01	-1.31E+00
11.375	-3.15E-01	-1.19E+00
11.38	-4.35E-01	-1.01E+00
11.385	-5.19E-01	-8.07E-01
11.39	-5.65E-01	-6.01E-01
11.395	-5.77E-01	-4.21E-01
11.4	-5.66E-01	-2.86E-01
11.405	-5.46E-01	-2.01E-01
11.41	-5.30E-01	-1.56E-01
11.415	-5.24E-01	-1.40E-01
11.42	-5.31E-01	-1.38E-01
11.425	-5.49E-01	-1.36E-01
11.43	-5.72E-01	-1.24E-01
11.435	-5.99E-01	-9.33E-02
11.44	-6.26E-01	-3.47E-02
11.445	-6.54E-01	5.68E-02
11.45	-6.84E-01	1.81E-01
11.455	-7.19E-01	3.32E-01
11.46	-7.59E-01	4.94E-01
11.465	-8.01E-01	6.46E-01
11.47	-8.44E-01	7.71E-01
11.475	-8.84E-01	8.53E-01
11.48	-9.21E-01	8.90E-01
11.485	-9.56E-01	8.89E-01
11.49	-9.92E-01	8.66E-01
11.495	-1.03E+00	8.36E-01
11.5	-1.09E+00	8.08E-01
11.505	-1.14E+00	7.82E-01
11.51	-1.20E+00	7.47E-01
11.515	-1.23E+00	6.86E-01
11.52	-1.22E+00	5.83E-01
11.525	-1.17E+00	4.31E-01
11.53	-1.05E+00	2.36E-01
11.535	-8.77E-01	1.76E-02
11.54	-6.68E-01	-1.96E-01
11.545	-4.45E-01	-3.78E-01
11.55	-2.33E-01	-5.12E-01
11.555	-4.79E-02	-5.96E-01
11.56	1.01E-01	-6.45E-01
11.565	2.18E-01	-6.81E-01
11.57	3.11E-01	-7.24E-01
11.575	3.90E-01	-7.83E-01
11.58	4.64E-01	-8.46E-01
11.585	5.35E-01	-8.90E-01
11.59	6.02E-01	-8.84E-01
11.595	6.63E-01	-8.07E-01
11.6	7.15E-01	-6.57E-01
11.605	7.59E-01	-4.53E-01
11.61	8.00E-01	-2.33E-01
11.615	8.38E-01	-3.69E-02
11.62	8.76E-01	1.03E-01
11.625	9.10E-01	1.76E-01
11.63	9.39E-01	1.90E-01
11.635	9.56E-01	1.70E-01
11.64	9.63E-01	1.41E-01
11.645	9.61E-01	1.20E-01
11.65	9.53E-01	1.11E-01
11.655	9.44E-01	1.05E-01
11.66	9.36E-01	9.05E-02
11.665	9.26E-01	6.15E-02
11.67	9.07E-01	2.07E-02
11.675	8.68E-01	-1.99E-02
11.68	8.01E-01	-4.66E-02
11.685	6.98E-01	-5.03E-02
11.69	5.61E-01	-3.25E-02
11.695	3.98E-01	-3.42E-03
11.7	2.21E-01	2.33E-02
11.705	4.70E-02	3.79E-02
11.71	-1.09E-01	3.96E-02
11.715	-2.38E-01	3.60E-02
11.72	-3.33E-01	3.82E-02
11.725	-3.98E-01	5.38E-02
11.73	-4.37E-01	8.26E-02
11.735	-4.57E-01	1.17E-01
11.74	-4.62E-01	1.48E-01
11.745	-4.56E-01	1.71E-01
11.75	-4.40E-01	1.90E-01
11.755	-4.16E-01	2.14E-01
11.76	-3.85E-01	2.53E-01
11.765	-3.50E-01	3.06E-01
11.77	-3.17E-01	3.56E-01
11.775	-2.87E-01	3.73E-01
11.78	-2.62E-01	3.29E-01
11.785	-2.40E-01	2.03E-01
11.79	-2.21E-01	-4.76E-05
11.795	-2.03E-01	-2.51E-01
11.8	-1.88E-01	-5.06E-01
11.805	-1.81E-01	-7.21E-01
11.81	-1.86E-01	-8.71E-01
11.815	-2.06E-01	-9.54E-01
11.82	-2.43E-01	-9.89E-01
11.825	-2.92E-01	-1.01E+00
11.83	-3.50E-01	-1.03E+00
11.835	-4.12E-01	-1.07E+00
11.84	-4.77E-01	-1.11E+00
11.845	-5.43E-01	-1.14E+00
11.85	-6.09E-01	-1.15E+00
11.855	-6.75E-01	-1.13E+00
11.86	-7.38E-01	-1.12E+00
11.865	-7.94E-01	-1.12E+00
11.87	-8.40E-01	-1.16E+00
11.875	-8.75E-01	-1.21E+00
11.88	-8.99E-01	-1.25E+00
11.885	-9.12E-01	-1.23E+00
11.89	-9.11E-01	-1.12E+00
11.895	-8.89E-01	-8.90E-01
11.9	-8.37E-01	-5.77E-01
11.905	-7.45E-01	-2.23E-01
11.91	-6.10E-01	1.13E-01
11.915	-4.38E-01	3.85E-01
11.92	-2.46E-01	5.69E-01
11.925	-5.75E-02	6.71E-01
11.93	1.05E-01	7.16E-01
11.935	2.25E-01	7.33E-01
11.94	2.97E-01	7.46E-01
11.945	3.27E-01	7.64E-01
11.95	3.28E-01	7.84E-01
11.955	3.14E-01	7.98E-01
11.96	2.96E-01	8.00E-01
11.965	2.79E-01	7.92E-01
11.97	2.62E-01	7.81E-01
11.975	2.45E-01	7.75E-01
11.98	2.26E-01	7.77E-01
11.985	2.08E-01	7.88E-01
11.99	1.95E-01	8.03E-01
11.995	1.89E-01	8.14E-01
12	1.91E-01	8.17E-01
12.005	2.03E-01	8.07E-01
12.01	2.21E-01	7.81E-01
12.015	2.45E-01	7.34E-01
12.02	2.69E-01	6.63E-01
12.025	2.91E-01	5.66E-01
12.03	3.04E-01	4.47E-01
12.035	2.99E-01	3.17E-01
12.04	2.70E-01	1.92E-01
12.045	2.12E-01	8.77E-02
12.05	1.27E-01	1.49E-02
12.055	2.26E-02	-2.47E-02
12.06	-8.72E-02	-3.90E-02
12.065	-1.89E-01	-4.07E-02
12.07	-2.74E-01	-4.23E-02
12.075	-3.39E-01	-5.02E-02
12.08	-3.86E-01	-6.33E-02
12.085	-4.18E-01	-7.51E-02
12.09	-4.37E-01	-7.80E-02
12.095	-4.40E-01	-6.84E-02
12.1	-4.21E-01	-4.78E-02
12.105	-3.72E-01	-2.23E-02
12.11	-2.94E-01	1.07E-03
12.115	-1.90E-01	1.72E-02
12.12	-7.54E-02	2.49E-02
12.125	3.48E-02	2.57E-02
12.13	1.26E-01	2.20E-02
12.135	1.89E-01	1.50E-02
12.14	2.22E-01	4.05E-03
12.145	2.29E-01	-1.23E-02
12.15	2.16E-01	-3.46E-02
12.155	1.86E-01	-6.09E-02
12.16	1.42E-01	-8.72E-02
12.165	8.62E-02	-1.09E-01
12.17	2.22E-02	-1.22E-01
12.175	-4.40E-02	-1.25E-01
12.18	-1.04E-01	-1.20E-01
12.185	-1.50E-01	-1.08E-01
12.19	-1.77E-01	-9.05E-02
12.195	-1.84E-01	-6.90E-02
12.2	-1.75E-01	-4.26E-02
12.205	-1.57E-01	-1.13E-02
12.21	-1.33E-01	2.40E-02
12.215	-1.07E-01	6.03E-02
12.22	-7.78E-02	9.39E-02
12.225	-4.34E-02	1.22E-01
12.23	-3.52E-03	1.42E-01
12.235	3.95E-02	1.56E-01
12.24	8.08E-02	1.64E-01
12.245	1.15E-01	1.68E-01
12.25	1.36E-01	1.71E-01
12.255	1.45E-01	1.70E-01
12.26	1.42E-01	1.65E-01
12.265	1.31E-01	1.56E-01
12.27	1.16E-01	1.43E-01
12.275	9.96E-02	1.28E-01
12.28	8.25E-02	1.13E-01
12.285	6.47E-02	9.82E-02
12.29	4.68E-02	8.49E-02
12.295	3.01E-02	7.10E-02
12.3	1.72E-02	5.40E-02
12.305	1.07E-02	3.18E-02
12.31	1.22E-02	3.16E-03
12.315	2.12E-02	-3.15E-02
12.32	3.52E-02	-7.06E-02
12.325	5.07E-02	-1.11E-01
12.33	6.49E-02	-1.51E-01
12.335	7.67E-02	-1.88E-01
12.34	8.75E-02	-2.18E-01
12.345	1.01E-01	-2.39E-01
12.35	1.24E-01	-2.50E-01
12.355	1.58E-01	-2.50E-01
12.36	2.06E-01	-2.41E-01
12.365	2.67E-01	-2.25E-01
12.37	3.35E-01	-2.03E-01
12.375	4.04E-01	-1.79E-01
12.38	4.65E-01	-1.54E-01
12.385	5.16E-01	-1.27E-01
12.39	5.55E-01	-1.01E-01
12.395	5.86E-01	-7.58E-02
12.4	6.10E-01	-5.44E-02
12.405	6.31E-01	-4.00E-02
12.41	6.45E-01	-3.50E-02
12.415	6.43E-01	-4.02E-02
12.42	6.16E-01	-5.37E-02
12.425	5.52E-01	-7.12E-02
12.43	4.47E-01	-8.74E-02
12.435	3.06E-01	-9.79E-02
12.44	1.40E-01	-1.01E-01
12.445	-3.58E-02	-9.81E-02
12.45	-2.04E-01	-9.26E-02
12.455	-3.52E-01	-8.87E-02
12.46	-4.75E-01	-8.91E-02
12.465	-5.73E-01	-9.40E-02
12.47	-6.49E-01	-1.01E-01
12.475	-7.05E-01	-1.07E-01
12.48	-7.41E-01	-1.09E-01
12.485	-7.53E-01	-1.07E-01
12.49	-7.39E-01	-1.03E-01
12.495	-6.97E-01	-1.01E-01
12.5	-6.32E-01	-1.06E-01
12.505	-5.52E-01	-1.22E-01
12.51	-4.71E-01	-1.48E-01
12.515	-3.98E-01	-1.83E-01
12.52	-3.42E-01	-2.24E-01
12.525	-3.06E-01	-2.67E-01
12.53	-2.89E-01	-3.08E-01
12.535	-2.86E-01	-3.44E-01
12.54	-2.96E-01	-3.74E-01
12.545	-3.14E-01	-3.95E-01
12.55	-3.36E-01	-4.08E-01
12.555	-3.58E-01	-4.12E-01
12.56	-3.73E-01	-4.06E-01
12.565	-3.72E-01	-3.90E-01
12.57	-3.47E-01	-3.68E-01
12.575	-2.97E-01	-3.40E-01
12.58	-2.25E-01	-3.08E-01
12.585	-1.39E-01	-2.73E-01
12.59	-5.22E-02	-2.34E-01
12.595	2.37E-02	-1.90E-01
12.6	8.23E-02	-1.44E-01
12.605	1.24E-01	-9.50E-02
12.61	1.53E-01	-4.76E-02
12.615	1.78E-01	-5.24E-03
12.62	2.02E-01	2.90E-02
12.625	2.23E-01	5.43E-02
12.63	2.35E-01	7.22E-02
12.635	2.29E-01	8.70E-02
12.64	1.96E-01	1.04E-01
12.645	1.34E-01	1.27E-01
12.65	5.16E-02	1.58E-01
12.655	-4.08E-02	1.98E-01
12.66	-1.28E-01	2.42E-01
12.665	-1.98E-01	2.86E-01
12.67	-2.43E-01	3.22E-01
12.675	-2.63E-01	3.49E-01
12.68	-2.62E-01	3.62E-01
12.685	-2.47E-01	3.62E-01
12.69	-2.25E-01	3.50E-01
12.695	-2.00E-01	3.31E-01
12.7	-1.76E-01	3.07E-01
12.705	-1.56E-01	2.82E-01
12.71	-1.46E-01	2.59E-01
12.715	-1.49E-01	2.38E-01
12.72	-1.69E-01	2.22E-01
12.725	-2.08E-01	2.09E-01
12.73	-2.63E-01	2.01E-01
12.735	-3.29E-01	1.95E-01
12.74	-3.98E-01	1.90E-01
12.745	-4.60E-01	1.88E-01
12.75	-5.09E-01	1.86E-01
12.755	-5.39E-01	1.86E-01
12.76	-5.48E-01	1.89E-01
12.765	-5.35E-01	1.95E-01
12.77	-5.02E-01	2.05E-01
12.775	-4.54E-01	2.19E-01
12.78	-3.95E-01	2.35E-01
12.785	-3.34E-01	2.50E-01
12.79	-2.79E-01	2.64E-01
12.795	-2.35E-01	2.73E-01
12.8	-2.08E-01	2.76E-01
12.805	-1.96E-01	2.72E-01
12.81	-1.93E-01	2.63E-01
12.815	-1.90E-01	2.53E-01
12.82	-1.77E-01	2.46E-01
12.825	-1.47E-01	2.48E-01
12.83	-9.90E-02	2.63E-01
12.835	-3.57E-02	2.93E-01
12.84	3.41E-02	3.39E-01
12.845	1.00E-01	3.99E-01
12.85	1.54E-01	4.68E-01
12.855	1.90E-01	5.42E-01
12.86	2.06E-01	6.17E-01
12.865	2.06E-01	6.88E-01
12.87	1.92E-01	7.55E-01
12.875	1.69E-01	8.14E-01
12.88	1.36E-01	8.67E-01
12.885	9.49E-02	9.14E-01
12.89	4.41E-02	9.57E-01
12.895	-1.64E-02	9.97E-01
12.9	-8.47E-02	1.03E+00
12.905	-1.57E-01	1.07E+00
12.91	-2.29E-01	1.09E+00
12.915	-2.97E-01	1.11E+00
12.92	-3.60E-01	1.11E+00
12.925	-4.19E-01	1.11E+00
12.93	-4.77E-01	1.11E+00
12.935	-5.37E-01	1.10E+00
12.94	-6.01E-01	1.09E+00
12.945	-6.66E-01	1.08E+00
12.95	-7.26E-01	1.08E+00
12.955	-7.76E-01	1.06E+00
12.96	-8.10E-01	1.05E+00
12.965	-8.30E-01	1.02E+00
12.97	-8.38E-01	1.00E+00
12.975	-8.40E-01	9.87E-01
12.98	-8.41E-01	9.77E-01
12.985	-8.38E-01	9.68E-01
12.99	-8.26E-01	9.48E-01
12.995	-7.93E-01	9.02E-01
13	-7.30E-01	8.21E-01
13.005	-6.33E-01	7.04E-01
13.01	-5.08E-01	5.61E-01
13.015	-3.69E-01	4.12E-01
13.02	-2.36E-01	2.76E-01
13.025	-1.26E-01	1.71E-01
13.03	-5.17E-02	1.00E-01
13.035	-1.24E-02	6.03E-02
13.04	7.70E-04	3.82E-02
13.045	1.84E-03	2.12E-02
13.05	3.62E-03	1.08E-03
13.055	1.25E-02	-2.46E-02
13.06	2.64E-02	-5.38E-02
13.065	3.68E-02	-8.45E-02
13.07	3.27E-02	-1.18E-01
13.075	5.80E-03	-1.58E-01
13.08	-4.63E-02	-2.11E-01
13.085	-1.19E-01	-2.78E-01
13.09	-2.04E-01	-3.58E-01
13.095	-2.91E-01	-4.41E-01
13.1	-3.70E-01	-5.19E-01
13.105	-4.35E-01	-5.83E-01
13.11	-4.85E-01	-6.34E-01
13.115	-5.21E-01	-6.74E-01
13.12	-5.43E-01	-7.09E-01
13.125	-5.54E-01	-7.42E-01
13.13	-5.56E-01	-7.72E-01
13.135	-5.51E-01	-7.93E-01
13.14	-5.41E-01	-8.01E-01
13.145	-5.29E-01	-7.98E-01
13.15	-5.17E-01	-7.89E-01
13.155	-5.05E-01	-7.86E-01
13.16	-4.93E-01	-7.93E-01
13.165	-4.77E-01	-8.10E-01
13.17	-4.56E-01	-8.19E-01
13.175	-4.27E-01	-7.99E-01
13.18	-3.91E-01	-7.29E-01
13.185	-3.46E-01	-5.97E-01
13.19	-2.96E-01	-4.11E-01
13.195	-2.42E-01	-1.94E-01
13.2	-1.84E-01	1.92E-02
13.205	-1.22E-01	1.99E-01
13.21	-5.57E-02	3.28E-01
13.215	1.71E-02	4.05E-01
13.22	9.59E-02	4.42E-01
13.225	1.78E-01	4.59E-01
13.23	2.61E-01	4.72E-01
13.235	3.38E-01	4.88E-01
13.24	4.05E-01	5.08E-01
13.245	4.59E-01	5.24E-01
13.25	5.01E-01	5.30E-01
13.255	5.32E-01	5.22E-01
13.26	5.55E-01	5.00E-01
13.265	5.72E-01	4.63E-01
13.27	5.80E-01	4.07E-01
13.275	5.72E-01	3.23E-01
13.28	5.38E-01	2.01E-01
13.285	4.69E-01	3.73E-02
13.29	3.58E-01	-1.65E-01
13.295	2.09E-01	-3.86E-01
13.3	3.25E-02	-5.99E-01
13.305	-1.54E-01	-7.71E-01
13.31	-3.30E-01	-8.74E-01
13.315	-4.75E-01	-8.92E-01
13.32	-5.76E-01	-8.26E-01
13.325	-6.29E-01	-6.92E-01
13.33	-6.34E-01	-5.16E-01
13.335	-6.00E-01	-3.28E-01
13.34	-5.35E-01	-1.53E-01
13.345	-4.47E-01	-8.25E-03
13.35	-3.42E-01	9.89E-02
13.355	-2.26E-01	1.70E-01
13.36	-1.05E-01	2.14E-01
13.365	1.52E-02	2.40E-01
13.37	1.25E-01	2.55E-01
13.375	2.19E-01	2.65E-01
13.38	2.91E-01	2.72E-01
13.385	3.42E-01	2.74E-01
13.39	3.75E-01	2.69E-01
13.395	3.95E-01	2.57E-01
13.4	4.09E-01	2.38E-01
13.405	4.21E-01	2.16E-01
13.41	4.32E-01	1.94E-01
13.415	4.44E-01	1.75E-01
13.42	4.53E-01	1.61E-01
13.425	4.60E-01	1.51E-01
13.43	4.64E-01	1.43E-01
13.435	4.68E-01	1.34E-01
13.44	4.73E-01	1.22E-01
13.445	4.82E-01	1.07E-01
13.45	4.96E-01	8.99E-02
13.455	5.14E-01	7.22E-02
13.46	5.37E-01	5.51E-02
13.465	5.63E-01	3.94E-02
13.47	5.91E-01	2.53E-02
13.475	6.23E-01	1.26E-02
13.48	6.58E-01	9.74E-04
13.485	6.95E-01	-9.82E-03
13.49	7.32E-01	-2.00E-02
13.495	7.69E-01	-3.02E-02
13.5	8.02E-01	-4.10E-02
13.505	8.30E-01	-5.34E-02
13.51	8.54E-01	-6.85E-02
13.515	8.72E-01	-8.69E-02
13.52	8.88E-01	-1.09E-01
13.525	9.02E-01	-1.35E-01
13.53	9.16E-01	-1.65E-01
13.535	9.31E-01	-1.98E-01
13.54	9.48E-01	-2.33E-01
13.545	9.65E-01	-2.70E-01
13.55	9.82E-01	-3.08E-01
13.555	9.95E-01	-3.47E-01
13.56	1.00E+00	-3.87E-01
13.565	1.00E+00	-4.30E-01
13.57	9.91E-01	-4.77E-01
13.575	9.76E-01	-5.28E-01
13.58	9.60E-01	-5.79E-01
13.585	9.46E-01	-6.29E-01
13.59	9.35E-01	-6.74E-01
13.595	9.26E-01	-7.11E-01
13.6	9.11E-01	-7.40E-01
13.605	8.82E-01	-7.63E-01
13.61	8.28E-01	-7.83E-01
13.615	7.46E-01	-8.01E-01
13.62	6.37E-01	-8.19E-01
13.625	5.10E-01	-8.31E-01
13.63	3.79E-01	-8.33E-01
13.635	2.56E-01	-8.21E-01
13.64	1.54E-01	-7.92E-01
13.645	7.60E-02	-7.48E-01
13.65	2.10E-02	-6.92E-01
13.655	-1.61E-02	-6.32E-01
13.66	-4.09E-02	-5.71E-01
13.665	-5.74E-02	-5.14E-01
13.67	-6.69E-02	-4.63E-01
13.675	-6.95E-02	-4.18E-01
13.68	-6.59E-02	-3.82E-01
13.685	-5.92E-02	-3.55E-01
13.69	-5.49E-02	-3.41E-01
13.695	-5.88E-02	-3.39E-01
13.7	-7.50E-02	-3.48E-01
13.705	-1.03E-01	-3.65E-01
13.71	-1.40E-01	-3.86E-01
13.715	-1.80E-01	-4.07E-01
13.72	-2.16E-01	-4.27E-01
13.725	-2.47E-01	-4.46E-01
13.73	-2.73E-01	-4.65E-01
13.735	-2.96E-01	-4.84E-01
13.74	-3.16E-01	-5.01E-01
13.745	-3.32E-01	-5.13E-01
13.75	-3.41E-01	-5.17E-01
13.755	-3.37E-01	-5.14E-01
13.76	-3.20E-01	-5.06E-01
13.765	-2.90E-01	-4.96E-01
13.77	-2.53E-01	-4.86E-01
13.775	-2.17E-01	-4.78E-01
13.78	-1.88E-01	-4.68E-01
13.785	-1.69E-01	-4.48E-01
13.79	-1.60E-01	-4.15E-01
13.795	-1.59E-01	-3.64E-01
13.8	-1.63E-01	-2.99E-01
13.805	-1.73E-01	-2.24E-01
13.81	-1.89E-01	-1.42E-01
13.815	-2.08E-01	-5.56E-02
13.82	-2.28E-01	3.57E-02
13.825	-2.38E-01	1.34E-01
13.83	-2.29E-01	2.40E-01
13.835	-1.94E-01	3.50E-01
13.84	-1.29E-01	4.56E-01
13.845	-4.16E-02	5.49E-01
13.85	5.85E-02	6.25E-01
13.855	1.58E-01	6.83E-01
13.86	2.49E-01	7.29E-01
13.865	3.25E-01	7.70E-01
13.87	3.88E-01	8.10E-01
13.875	4.37E-01	8.40E-01
13.88	4.71E-01	8.44E-01
13.885	4.82E-01	8.03E-01
13.89	4.61E-01	7.01E-01
13.895	3.98E-01	5.39E-01
13.9	2.96E-01	3.33E-01
13.905	1.62E-01	1.13E-01
13.91	1.50E-02	-8.48E-02
13.915	-1.25E-01	-2.34E-01
13.92	-2.41E-01	-3.22E-01
13.925	-3.27E-01	-3.57E-01
13.93	-3.83E-01	-3.57E-01
13.935	-4.15E-01	-3.42E-01
13.94	-4.28E-01	-3.29E-01
13.945	-4.19E-01	-3.22E-01
13.95	-3.85E-01	-3.17E-01
13.955	-3.19E-01	-3.09E-01
13.96	-2.20E-01	-2.93E-01
13.965	-9.76E-02	-2.72E-01
13.97	3.15E-02	-2.55E-01
13.975	1.47E-01	-2.47E-01
13.98	2.31E-01	-2.50E-01
13.985	2.78E-01	-2.57E-01
13.99	2.93E-01	-2.57E-01
13.995	2.89E-01	-2.41E-01
14	2.83E-01	-2.03E-01
14.005	2.86E-01	-1.48E-01
14.01	3.03E-01	-8.74E-02
14.015	3.31E-01	-3.12E-02
14.02	3.62E-01	1.30E-02
14.025	3.90E-01	4.50E-02
14.03	4.12E-01	7.01E-02
14.035	4.30E-01	9.43E-02
14.04	4.45E-01	1.19E-01
14.045	4.60E-01	1.40E-01
14.05	4.71E-01	1.43E-01
14.055	4.77E-01	1.18E-01
14.06	4.73E-01	5.45E-02
14.065	4.58E-01	-4.65E-02
14.07	4.33E-01	-1.75E-01
14.075	4.02E-01	-3.16E-01
14.08	3.69E-01	-4.50E-01
14.085	3.36E-01	-5.64E-01
14.09	3.03E-01	-6.51E-01
14.095	2.66E-01	-7.11E-01
14.1	2.25E-01	-7.49E-01
14.105	1.78E-01	-7.73E-01
14.11	1.27E-01	-7.91E-01
14.115	7.68E-02	-8.06E-01
14.12	2.92E-02	-8.21E-01
14.125	-1.37E-02	-8.30E-01
14.13	-5.21E-02	-8.26E-01
14.135	-8.68E-02	-7.98E-01
14.14	-1.17E-01	-7.35E-01
14.145	-1.41E-01	-6.30E-01
14.15	-1.54E-01	-4.85E-01
14.155	-1.50E-01	-3.10E-01
14.16	-1.26E-01	-1.22E-01
14.165	-8.24E-02	5.56E-02
14.17	-2.37E-02	2.05E-01
14.175	4.18E-02	3.15E-01
14.18	1.05E-01	3.84E-01
14.185	1.60E-01	4.18E-01
14.19	2.02E-01	4.31E-01
14.195	2.33E-01	4.33E-01
14.2	2.53E-01	4.31E-01
14.205	2.67E-01	4.24E-01
14.21	2.73E-01	4.09E-01
14.215	2.70E-01	3.82E-01
14.22	2.54E-01	3.42E-01
14.225	2.22E-01	2.92E-01
14.23	1.72E-01	2.40E-01
14.235	1.09E-01	1.92E-01
14.24	3.99E-02	1.51E-01
14.245	-2.69E-02	1.16E-01
14.25	-8.36E-02	8.27E-02
14.255	-1.26E-01	4.34E-02
14.26	-1.54E-01	-7.22E-03
14.265	-1.72E-01	-7.13E-02
14.27	-1.83E-01	-1.47E-01
14.275	-1.94E-01	-2.30E-01
14.28	-2.04E-01	-3.14E-01
14.285	-2.14E-01	-3.94E-01
14.29	-2.21E-01	-4.69E-01
14.295	-2.24E-01	-5.36E-01
14.3	-2.21E-01	-5.94E-01
14.305	-2.14E-01	-6.43E-01
14.31	-2.03E-01	-6.80E-01
14.315	-1.88E-01	-7.02E-01
14.32	-1.64E-01	-7.08E-01
14.325	-1.26E-01	-6.98E-01
14.33	-6.92E-02	-6.72E-01
14.335	1.07E-02	-6.35E-01
14.34	1.13E-01	-5.88E-01
14.345	2.34E-01	-5.36E-01
14.35	3.64E-01	-4.82E-01
14.355	4.95E-01	-4.27E-01
14.36	6.18E-01	-3.75E-01
14.365	7.27E-01	-3.27E-01
14.37	8.19E-01	-2.87E-01
14.375	8.92E-01	-2.57E-01
14.38	9.46E-01	-2.39E-01
14.385	9.79E-01	-2.32E-01
14.39	9.93E-01	-2.34E-01
14.395	9.88E-01	-2.43E-01
14.4	9.67E-01	-2.56E-01
14.405	9.34E-01	-2.67E-01
14.41	8.93E-01	-2.76E-01
14.415	8.48E-01	-2.77E-01
14.42	8.01E-01	-2.68E-01
14.425	7.49E-01	-2.44E-01
14.43	6.91E-01	-2.01E-01
14.435	6.24E-01	-1.37E-01
14.44	5.49E-01	-5.31E-02
14.445	4.67E-01	4.36E-02
14.45	3.82E-01	1.44E-01
14.455	2.99E-01	2.38E-01
14.46	2.20E-01	3.17E-01
14.465	1.44E-01	3.76E-01
14.47	6.84E-02	4.16E-01
14.475	-1.00E-02	4.43E-01
14.48	-9.35E-02	4.61E-01
14.485	-1.81E-01	4.75E-01
14.49	-2.68E-01	4.85E-01
14.495	-3.49E-01	4.89E-01
14.5	-4.17E-01	4.82E-01
14.505	-4.68E-01	4.64E-01
14.51	-4.99E-01	4.36E-01
14.515	-5.13E-01	4.04E-01
14.52	-5.13E-01	3.74E-01
14.525	-5.03E-01	3.50E-01
14.53	-4.85E-01	3.29E-01
14.535	-4.60E-01	3.03E-01
14.54	-4.27E-01	2.63E-01
14.545	-3.86E-01	1.98E-01
14.55	-3.39E-01	1.05E-01
14.555	-2.89E-01	-1.11E-02
14.56	-2.42E-01	-1.39E-01
14.565	-2.01E-01	-2.62E-01
14.57	-1.71E-01	-3.66E-01
14.575	-1.53E-01	-4.42E-01
14.58	-1.44E-01	-4.84E-01
14.585	-1.43E-01	-4.93E-01
14.59	-1.47E-01	-4.73E-01
14.595	-1.51E-01	-4.27E-01
14.6	-1.55E-01	-3.57E-01
14.605	-1.59E-01	-2.69E-01
14.61	-1.61E-01	-1.67E-01
14.615	-1.61E-01	-6.00E-02
14.62	-1.61E-01	4.33E-02
14.625	-1.60E-01	1.33E-01
14.63	-1.59E-01	2.02E-01
14.635	-1.61E-01	2.48E-01
14.64	-1.68E-01	2.73E-01
14.645	-1.82E-01	2.80E-01
14.65	-2.03E-01	2.74E-01
14.655	-2.31E-01	2.60E-01
14.66	-2.66E-01	2.40E-01
14.665	-3.06E-01	2.17E-01
14.67	-3.50E-01	1.92E-01
14.675	-3.98E-01	1.70E-01
14.68	-4.50E-01	1.55E-01
14.685	-5.05E-01	1.49E-01
14.69	-5.61E-01	1.54E-01
14.695	-6.13E-01	1.67E-01
14.7	-6.59E-01	1.85E-01
14.705	-6.95E-01	2.06E-01
14.71	-7.22E-01	2.27E-01
14.715	-7.41E-01	2.50E-01
14.72	-7.56E-01	2.76E-01
14.725	-7.66E-01	3.05E-01
14.73	-7.69E-01	3.36E-01
14.735	-7.57E-01	3.61E-01
14.74	-7.19E-01	3.72E-01
14.745	-6.48E-01	3.60E-01
14.75	-5.42E-01	3.19E-01
14.755	-4.12E-01	2.51E-01
14.76	-2.76E-01	1.62E-01
14.765	-1.57E-01	6.43E-02
14.77	-7.52E-02	-3.03E-02
14.775	-3.99E-02	-1.11E-01
14.78	-4.82E-02	-1.71E-01
14.785	-8.50E-02	-2.11E-01
14.79	-1.29E-01	-2.34E-01
14.795	-1.61E-01	-2.46E-01
14.8	-1.70E-01	-2.54E-01
14.805	-1.53E-01	-2.63E-01
14.81	-1.16E-01	-2.74E-01
14.815	-6.75E-02	-2.87E-01
14.82	-9.96E-03	-3.00E-01
14.825	5.74E-02	-3.12E-01
14.83	1.39E-01	-3.20E-01
14.835	2.37E-01	-3.27E-01
14.84	3.47E-01	-3.34E-01
14.845	4.58E-01	-3.45E-01
14.85	5.51E-01	-3.63E-01
14.855	6.13E-01	-3.90E-01
14.86	6.37E-01	-4.22E-01
14.865	6.26E-01	-4.55E-01
14.87	5.95E-01	-4.82E-01
14.875	5.61E-01	-4.96E-01
14.88	5.37E-01	-4.91E-01
14.885	5.25E-01	-4.65E-01
14.89	5.22E-01	-4.21E-01
14.895	5.18E-01	-3.62E-01
14.9	5.08E-01	-2.92E-01
14.905	4.92E-01	-2.16E-01
14.91	4.77E-01	-1.37E-01
14.915	4.72E-01	-5.83E-02
14.92	4.79E-01	1.84E-02
14.925	4.90E-01	8.89E-02
14.93	4.90E-01	1.48E-01
14.935	4.61E-01	1.91E-01
14.94	3.93E-01	2.12E-01
14.945	2.93E-01	2.10E-01
14.95	1.82E-01	2.41E-01
14.955	9.13E-02	-2.96E-12
14.96	4.73E-02	2.57E-11
14.965	6.35E-02	-2.57E-11
14.97	-7.01E-03	2.96E-12
14.975	9.20E-03	1.98E-11
14.98	-2.08E-12	-1.98E-11
14.985	-3.61E-12	-2.96E-12
14.99	9.29E-12	2.57E-11
14.995	-1.14E-11	-2.27E-11
15	1.34E-11	-2.96E-12
