A = 
  -40.65           0           0           0           0           0           0           0
3.63e+12  -4.878e+04           0           0           0  -4.521e+10           0           0
       0           0           0           0           0           1           0           0
       0           0           0           0           0           0           1           0
       0           0           0           0           0           0           0           1
       0   0.0005063      -13.03       13.03           0      -3.435       0.509           0
       0           0       12.87      -187.2       174.4      0.5027      -2.765       2.262
       0           0           0       174.4      -174.4           0       2.262      -2.262

B = 
0.07864
      0
      0
      0
      0
      0
      0
      0
C = 
0   0   1   0   0   0   0   0

D = 
0